0, 93.13022154588758, Server_02, 2.5526430912103453, 2374.0993107769445, 0.0, 2
1, 96.17247557644856, Server_0, 3.531593941666367, 2545.8097588819182, 0.0, 4
2, 101.18499391722503, Server_0, 4.0211812311925765, 2426.9237881961694, 0.0, 5
3, 104.38322744494764, Server_0, 3.531593941666367, 2421.6493051134535, 0.0, 4
4, 107.85803904895285, Server_02, 3.531593941666367, 2228.897817387508, 0.0, 4
5, 111.73867026041972, Server_0, 3.531593941666367, 1995.8093356344452, 0.0, 4
6, 114.82383596084156, Server_02, 3.531593941666367, 2510.400008317548, 0.0, 4
7, 119.41895359341709, Server_02, 4.0211812311925765, 2647.3750995535725, 0.0, 5
8, 125.10093257489079, Server_02, 4.0211812311925765, 2140.9794086997535, 0.0, 5
9, 126.93066531193628, Server_02, 3.531593941666367, 4232.858626394817, 0.0, 4
10, 133.14811315506003, Server_02, 4.51062929652117, 3072.804224828258, 0.0, 6
11, 136.11671707316793, Server_02, 4.0211812311925765, 4097.885853277995, 0.0, 5
12, 143.67353772776727, Server_02, 4.51062929652117, 2528.179623843799, 0.0, 6
13, 147.0403076033642, Server_02, 4.0211812311925765, 3613.2555682449606, 0.0, 5
14, 152.22119328299195, Server_02, 4.0211812311925765, 2348.0541266979017, 0.0, 5
15, 154.3110178691239, Server_02, 3.531593941666367, 3706.0526760933476, 0.0, 4
16, 159.27650682817068, Server_02, 4.0211812311925765, 2449.9097874009376, 0.0, 5
17, 163.68679857219044, Server_02, 4.0211812311925765, 2758.320924345974, 0.0, 5
18, 168.88592343841702, Server_02, 4.0211812311925765, 2339.816856298953, 0.0, 5
19, 172.25871993058308, Server_02, 3.531593941666367, 2296.314058078863, 0.0, 4
20, 177.2715703491539, Server_02, 4.0211812311925765, 2426.763015894713, 0.0, 5
21, 182.84465443226705, Server_02, 4.0211812311925765, 2182.812930610691, 0.0, 5
22, 188.45842461745895, Server_02, 4.0211812311925765, 2166.9928762116156, 0.0, 5
23, 192.5371860412906, Server_02, 3.531593941666367, 1898.8607558037138, 0.0, 4
24, 198.64715566523986, Server_02, 4.0211812311925765, 1991.0082616968843, 0.0, 5
25, 202.86528079855535, Server_02, 3.531593941666367, 1836.1238121715855, 0.0, 4
26, 209.12154579921395, Server_02, 4.0211812311925765, 1944.450882230753, 0.0, 5
27, 213.6125661969496, Server_02, 3.531593941666367, 1724.5523988056277, 0.0, 4
28, 217.65283488476726, Server_02, 3.531593941666367, 1916.951717432292, 0.0, 4
29, 224.29373725149551, Server_02, 4.0211812311925765, 1831.8293701994714, 0.0, 5
30, 228.46690988193228, Server_02, 3.531593941666367, 1855.9021363056825, 0.0, 4
31, 232.70161825001196, Server_02, 3.531593941666367, 1828.9335006821586, 0.0, 4
32, 239.58432006753506, Server_02, 4.0211812311925765, 1767.4745067450647, 0.0, 5
33, 243.80411518397116, Server_02, 3.531593941666367, 1835.3971665195836, 0.0, 4
34, 247.9459552843773, Server_02, 3.531593941666367, 1869.941816257112, 0.0, 4
35, 253.62232019579693, Server_02, 4.0211812311925765, 2143.09689208434, 0.0, 5
36, 257.4467185114396, Server_02, 3.531593941666367, 2025.1551644924564, 0.0, 4
37, 263.39200197621034, Server_02, 4.0211812311925765, 2046.159795758217, 0.0, 5
38, 267.84086126281596, Server_02, 3.531593941666367, 1740.8956995601568, 0.0, 4
39, 274.55748425176296, Server_02, 4.0211812311925765, 1811.178030986548, 0.0, 5
40, 279.1512309225971, Server_02, 3.531593941666367, 1685.9876164206576, 0.0, 4
41, 284.25585079853704, Server_02, 3.531593941666367, 1517.2530351388575, 0.0, 4
42, 287.1663616674114, Server_0, 3.0417973963282776, 1693.8607076587346, 0.0, 3
43, 295.2363831105878, Server_0, 4.0211812311925765, 1507.4309387723088, 0.0, 5
44, 298.38676836973445, Server_0, 3.0417973963282776, 1564.8879722524348, 0.0, 3
45, 303.469166647884, Server_02, 3.531593941666367, 1523.886869177028, 0.0, 4
46, 306.5293853695335, Server_02, 3.0417973963282776, 1610.9959608843428, 0.0, 3
47, 313.46047630062964, Server_02, 4.0211812311925765, 1755.134959407625, 0.0, 5
48, 317.8274967550031, Server_02, 3.531593941666367, 1773.5204313603751, 0.0, 4
49, 325.2565706172659, Server_02, 4.0211812311925765, 1637.4854020222012, 0.0, 5
50, 330.01794531129525, Server_02, 3.531593941666367, 1626.6310672235081, 0.0, 4
51, 334.55514739142546, Server_02, 3.531593941666367, 1706.9991292470104, 0.0, 4
52, 339.125058158824, Server_02, 3.531593941666367, 1694.7814507128564, 0.0, 4
53, 343.8497898221451, Server_02, 3.531593941666367, 1639.246533327119, 0.0, 4
54, 348.5213592930736, Server_02, 3.531593941666367, 1657.9010647701355, 0.0, 4
55, 353.0908660301439, Server_02, 3.531593941666367, 1694.931301264618, 0.0, 4
56, 360.1972344431834, Server_02, 4.0211812311925765, 1711.8448260687437, 0.0, 5
57, 364.98757380759105, Server_02, 3.531593941666367, 1616.795682064938, 0.0, 4
58, 369.6407049586473, Server_02, 3.531593941666367, 1664.4706002412836, 0.0, 4
59, 373.97680003011124, Server_02, 3.531593941666367, 1786.1693234011927, 0.0, 4
60, 378.6754993479896, Server_02, 3.531593941666367, 1648.328500300191, 0.0, 4
61, 383.16607010296195, Server_02, 3.531593941666367, 1724.7250789722182, 0.0, 4
62, 387.94654406196963, Server_02, 3.531593941666367, 1620.1322434580713, 0.0, 4
63, 395.29769754650573, Server_02, 4.0211812311925765, 1654.8423353682274, 0.0, 5
64, 400.0216166508255, Server_02, 3.531593941666367, 1639.5284993169444, 0.0, 4
65, 404.72114974433623, Server_02, 3.531593941666367, 1648.0360593043838, 0.0, 4
66, 409.2567423918139, Server_02, 3.531593941666367, 1707.604849458249, 0.0, 4
67, 414.09848277994286, Server_02, 3.531593941666367, 1599.6314091910529, 0.0, 4
68, 419.0777672335511, Server_02, 3.531593941666367, 1555.4443760262648, 0.0, 4
69, 423.9436308509083, Server_02, 3.531593941666367, 1591.7010029571334, 0.0, 4
70, 428.69113166894823, Server_02, 3.531593941666367, 1631.38465833853, 0.0, 4
71, 433.5369152605248, Server_02, 3.531593941666367, 1598.2967158218073, 0.0, 4
72, 438.2666594534948, Server_02, 3.531593941666367, 1637.5092783055031, 0.0, 4
73, 443.0005375201051, Server_02, 3.531593941666367, 1636.0793182714551, 0.0, 4
74, 450.617517711137, Server_02, 4.0211812311925765, 1597.0896201519477, 0.0, 5
75, 455.22103728701137, Server_02, 3.531593941666367, 1682.4083991277366, 0.0, 4
76, 459.9285156546099, Server_02, 3.531593941666367, 1645.254506809563, 0.0, 4
77, 464.8358172567814, Server_02, 3.531593941666367, 1578.2604428822522, 0.0, 4
78, 469.53109924001745, Server_02, 3.531593941666367, 1649.528191842922, 0.0, 4
79, 474.3734595092537, Server_02, 3.531593941666367, 1599.4266368829274, 0.0, 4
80, 479.76786857049166, Server_02, 3.531593941666367, 1435.745771608684, 0.0, 4
81, 482.861165683483, Server_02, 3.0417973963282776, 1593.7686616958872, 0.0, 3
82, 489.8730215185346, Server_02, 4.0211812311925765, 1734.918727106223, 0.0, 5
83, 494.33720758039027, Server_02, 3.531593941666367, 1734.9187271062215, 0.0, 4
84, 498.80139364224596, Server_02, 3.531593941666367, 1734.9187271062215, 0.0, 4
85, 503.296446950848, Server_02, 3.531593941666367, 1723.0051499453007, 0.0, 4
86, 508.10403194053873, Server_02, 3.531593941666367, 1610.9959608843528, 0.0, 4
87, 515.6552613013635, Server_02, 4.0211812311925765, 1610.9959608843583, 0.0, 5
88, 520.4628462910541, Server_02, 3.531593941666367, 1610.995960884372, 0.0, 4
89, 525.2704312807448, Server_02, 3.531593941666367, 1610.995960884372, 0.0, 4
90, 530.0780162704355, Server_02, 3.531593941666367, 1610.995960884372, 0.0, 4
91, 534.8856012601262, Server_02, 3.531593941666367, 1610.9959608843337, 0.0, 4
92, 539.7627971364149, Server_02, 3.531593941666367, 1588.0026548971978, 0.0, 4
93, 544.6270356776625, Server_02, 3.531593941666367, 1592.2327686695628, 0.0, 4
94, 549.5496665797139, Server_02, 3.531593941666367, 1573.3456670035082, 0.0, 4
95, 554.1242630639946, Server_02, 3.531593941666367, 1693.0455017428171, 0.0, 4
96, 558.9689749162823, Server_02, 3.531593941666367, 1598.6502884258864, 0.0, 4
97, 564.119958833808, Server_02, 3.531593941666367, 1503.5962301587329, 0.0, 4
98, 567.2383656513708, Server_02, 3.0417973963282776, 1580.9354867473821, 0.0, 3
99, 574.3459438327286, Server_02, 4.0211812311925765, 1711.5534559869006, 0.0, 5
100, 578.9818293585018, Server_02, 3.531593941666367, 1670.6624779541312, 0.0, 4
101, 583.6177148842751, Server_02, 3.531593941666367, 1670.6624779541312, 0.0, 4
102, 588.2536004100483, Server_02, 3.531593941666367, 1670.6624779541312, 0.0, 4
103, 592.8894859358215, Server_02, 3.531593941666367, 1670.6624779541312, 0.0, 4
104, 600.1710285337597, Server_02, 4.0211812311925765, 1670.6624779541453, 0.0, 5
105, 604.8069140595329, Server_02, 3.531593941666367, 1670.6624779541312, 0.0, 4
106, 609.4427995853061, Server_02, 3.531593941666367, 1670.6624779541312, 0.0, 4
107, 614.0786851110794, Server_02, 3.531593941666367, 1670.6624779541312, 0.0, 4
108, 618.7145706368526, Server_02, 3.531593941666367, 1670.6624779541312, 0.0, 4
109, 623.3504561626258, Server_02, 3.531593941666367, 1670.6624779541312, 0.0, 4
110, 627.9863416883991, Server_02, 3.531593941666367, 1670.6624779541312, 0.0, 4
111, 635.2678842863372, Server_02, 4.0211812311925765, 1670.6624779541453, 0.0, 5
112, 639.9037698121105, Server_02, 3.531593941666367, 1670.6624779541312, 0.0, 4
113, 644.5396553378837, Server_02, 3.531593941666367, 1670.6624779541312, 0.0, 4
114, 649.1755408636569, Server_02, 3.531593941666367, 1670.6624779541312, 0.0, 4
115, 653.8114263894302, Server_02, 3.531593941666367, 1670.6624779541312, 0.0, 4
116, 658.4473119152034, Server_02, 3.531593941666367, 1670.6624779541312, 0.0, 4
117, 663.0831974409766, Server_02, 3.531593941666367, 1670.6624779541312, 0.0, 4
118, 670.3647400389148, Server_02, 4.0211812311925765, 1670.6624779541453, 0.0, 5
119, 675.000625564688, Server_02, 3.531593941666367, 1670.6624779541312, 0.0, 4
120, 679.6365110904612, Server_02, 3.531593941666367, 1670.6624779541312, 0.0, 4
121, 684.2723966162345, Server_02, 3.531593941666367, 1670.6624779541312, 0.0, 4
122, 688.9082821420077, Server_02, 3.531593941666367, 1670.6624779541312, 0.0, 4
123, 693.5441676677809, Server_02, 3.531593941666367, 1670.6624779541312, 0.0, 4
124, 698.1800531935542, Server_02, 3.531593941666367, 1670.6624779541312, 0.0, 4
125, 702.8159387193274, Server_02, 3.531593941666367, 1670.6624779541312, 0.0, 4
126, 710.0974813172655, Server_02, 4.0211812311925765, 1670.6624779541453, 0.0, 5
127, 714.7333668430388, Server_02, 3.531593941666367, 1670.6624779541312, 0.0, 4
128, 719.369252368812, Server_02, 3.531593941666367, 1670.6624779541312, 0.0, 4
129, 724.0051378945852, Server_02, 3.531593941666367, 1670.6624779541312, 0.0, 4
130, 728.6410234203585, Server_02, 3.531593941666367, 1670.6624779541312, 0.0, 4
131, 733.2769089461317, Server_02, 3.531593941666367, 1670.6624779541312, 0.0, 4
132, 737.9127944719049, Server_02, 3.531593941666367, 1670.6624779541312, 0.0, 4
133, 745.1943370698431, Server_02, 4.0211812311925765, 1670.6624779541453, 0.0, 5
134, 749.8302225956163, Server_02, 3.531593941666367, 1670.6624779541312, 0.0, 4
135, 754.4661081213895, Server_02, 3.531593941666367, 1670.6624779541312, 0.0, 4
136, 759.1019936471628, Server_02, 3.531593941666367, 1670.6624779541312, 0.0, 4
137, 763.737879172936, Server_02, 3.531593941666367, 1670.6624779541312, 0.0, 4
138, 768.3737646987092, Server_02, 3.531593941666367, 1670.6624779541312, 0.0, 4
139, 773.0096502244825, Server_02, 3.531593941666367, 1670.6624779541312, 0.0, 4
140, 780.2911928224206, Server_02, 4.0211812311925765, 1670.6624779541453, 0.0, 5
141, 784.9270783481938, Server_02, 3.531593941666367, 1670.6624779541312, 0.0, 4
142, 789.5629638739671, Server_02, 3.531593941666367, 1670.6624779541312, 0.0, 4
143, 794.1988493997403, Server_02, 3.531593941666367, 1670.6624779541312, 0.0, 4
144, 798.8347349255135, Server_02, 3.531593941666367, 1670.6624779541312, 0.0, 4
145, 803.4706204512868, Server_02, 3.531593941666367, 1670.6624779541312, 0.0, 4
146, 808.10650597706, Server_02, 3.531593941666367, 1670.6624779541312, 0.0, 4
147, 815.3880485749982, Server_02, 4.0211812311925765, 1670.6624779541453, 0.0, 5
148, 820.0239341007714, Server_02, 3.531593941666367, 1670.6624779541312, 0.0, 4
149, 824.6598196265446, Server_02, 3.531593941666367, 1670.6624779541312, 0.0, 4
150, 829.2957051523179, Server_02, 3.531593941666367, 1670.6624779541312, 0.0, 4
151, 833.9315906780911, Server_02, 3.531593941666367, 1670.6624779541312, 0.0, 4
152, 838.5674762038643, Server_02, 3.531593941666367, 1670.6624779541312, 0.0, 4
153, 843.2033617296375, Server_02, 3.531593941666367, 1670.6624779541312, 0.0, 4
154, 847.8392472554108, Server_02, 3.531593941666367, 1670.6624779541312, 0.0, 4
155, 855.1207898533489, Server_02, 4.0211812311925765, 1670.6624779541453, 0.0, 5
156, 860.0426477347202, Server_02, 3.531593941666367, 1573.5927746540763, 0.0, 4
157, 865.1936316522459, Server_02, 3.531593941666367, 1503.5962301587329, 0.0, 4
158, 868.1949456452954, Server_02, 3.0417973963282776, 1642.6138722629407, 0.0, 3
159, 872.4874322432336, Server_02, 3.531593941666367, 1804.3154761904796, 0.0, 4
160, 879.2296013153986, Server_02, 4.0211812311925765, 1804.3154761904668, 0.0, 5
161, 883.5220879133367, Server_02, 3.531593941666367, 1804.3154761904796, 0.0, 4
162, 887.8145745112748, Server_02, 3.531593941666367, 1804.3154761904796, 0.0, 4
163, 894.5567435834398, Server_02, 4.0211812311925765, 1804.3154761904668, 0.0, 5
164, 898.849230181378, Server_02, 3.531593941666367, 1804.3154761904796, 0.0, 4
165, 903.1417167793161, Server_02, 3.531593941666367, 1804.3154761904796, 0.0, 4
166, 907.4342033772542, Server_02, 3.531593941666367, 1804.3154761904796, 0.0, 4
167, 914.1763724494192, Server_02, 4.0211812311925765, 1804.3154761904668, 0.0, 5
168, 918.4688590473573, Server_02, 3.531593941666367, 1804.3154761904796, 0.0, 4
169, 922.7613456452955, Server_02, 3.531593941666367, 1804.3154761904796, 0.0, 4
170, 929.5035147174605, Server_02, 4.0211812311925765, 1804.3154761904668, 0.0, 5
171, 933.8310609644631, Server_02, 3.531593941666367, 1789.6978005409965, 0.0, 4
172, 938.1580987999347, Server_02, 3.531593941666367, 1789.9080836569178, 0.0, 4
173, 942.5489371689483, Server_02, 3.531593941666367, 1763.9000457536422, 0.0, 4
174, 949.302047995811, Server_02, 4.0211812311925765, 1801.3920268581712, 0.0, 5
175, 953.6788671402609, Server_02, 3.531593941666367, 1769.5499275589693, 0.0, 4
176, 958.1430532021166, Server_02, 3.531593941666367, 1734.9187271062215, 0.0, 4
177, 962.6072392639722, Server_02, 3.531593941666367, 1734.9187271062215, 0.0, 4
178, 969.6190950990238, Server_02, 4.0211812311925765, 1734.9187271062372, 0.0, 5
179, 974.0832811608794, Server_02, 3.531593941666367, 1734.9187271062215, 0.0, 4
180, 978.5474672227351, Server_02, 3.531593941666367, 1734.9187271062215, 0.0, 4
181, 983.0116532845908, Server_02, 3.531593941666367, 1734.9187271062215, 0.0, 4
182, 990.0235091196423, Server_02, 4.0211812311925765, 1734.9187271062372, 0.0, 5
183, 994.487695181498, Server_02, 3.531593941666367, 1734.9187271062215, 0.0, 4
184, 998.9518812433537, Server_02, 3.531593941666367, 1734.9187271062215, 0.0, 4
185, 1003.4160673052094, Server_02, 3.531593941666367, 1734.9187271062215, 0.0, 4
186, 1007.880253367065, Server_02, 3.531593941666367, 1734.9187271062215, 0.0, 4
187, 1014.8921092021166, Server_02, 4.0211812311925765, 1734.9187271062372, 0.0, 5
188, 1019.3562952639722, Server_02, 3.531593941666367, 1734.9187271062215, 0.0, 4
189, 1023.8204813258279, Server_02, 3.531593941666367, 1734.9187271062215, 0.0, 4
190, 1028.3400306765298, Server_02, 3.531593941666367, 1713.666429772984, 0.0, 4
191, 1032.8184643361371, Server_02, 3.531593941666367, 1729.3992919566838, 0.0, 4
192, 1040.00922458356, Server_02, 4.0211812311925765, 1691.7543599593741, 0.0, 5
193, 1044.4737577330227, Server_02, 3.531593941666367, 1734.7838487730646, 0.0, 4
194, 1049.1575449595532, Server_02, 3.531593941666367, 1653.5763956419223, 0.0, 4
195, 1053.7934304853263, Server_02, 3.531593941666367, 1670.6624779541721, 0.0, 4
196, 1058.5026292567595, Server_02, 3.531593941666367, 1644.6534486890841, 0.0, 4
197, 1063.3102142464502, Server_02, 3.531593941666367, 1610.995960884372, 0.0, 4
198, 1068.1177992361409, Server_02, 3.531593941666367, 1610.995960884372, 0.0, 4
199, 1075.6690285969655, Server_02, 4.0211812311925765, 1610.9959608843706, 0.0, 5
200, 1080.4766135866562, Server_02, 3.531593941666367, 1610.995960884372, 0.0, 4
201, 1085.2841985763469, Server_02, 3.531593941666367, 1610.995960884372, 0.0, 4
202, 1090.0917835660375, Server_02, 3.531593941666367, 1610.995960884372, 0.0, 4
203, 1094.8993685557282, Server_02, 3.531593941666367, 1610.995960884372, 0.0, 4
204, 1099.7069535454189, Server_02, 3.531593941666367, 1610.995960884372, 0.0, 4
205, 1104.5145385351095, Server_02, 3.531593941666367, 1610.995960884372, 0.0, 4
206, 1109.3221235248002, Server_02, 3.531593941666367, 1610.995960884372, 0.0, 4
207, 1114.1297085144909, Server_02, 3.531593941666367, 1610.995960884372, 0.0, 4
208, 1118.9372935041815, Server_02, 3.531593941666367, 1610.995960884372, 0.0, 4
209, 1123.7448784938722, Server_02, 3.531593941666367, 1610.995960884372, 0.0, 4
210, 1128.5524634835629, Server_02, 3.531593941666367, 1610.995960884372, 0.0, 4
211, 1133.3600484732535, Server_02, 3.531593941666367, 1610.995960884372, 0.0, 4
212, 1138.1676334629442, Server_02, 3.531593941666367, 1610.995960884372, 0.0, 4
213, 1142.9752184526349, Server_02, 3.531593941666367, 1610.995960884372, 0.0, 4
214, 1150.52373689999, Server_02, 4.0211812311925765, 1611.574520860124, 0.0, 5
215, 1155.159622425763, Server_02, 3.531593941666367, 1670.6624779541721, 0.0, 4
216, 1159.9281069401438, Server_02, 3.531593941666367, 1624.2057569113615, 0.0, 4
217, 1164.7356919298345, Server_02, 3.531593941666367, 1610.995960884372, 0.0, 4
218, 1169.5432769195252, Server_02, 3.531593941666367, 1610.995960884372, 0.0, 4
219, 1174.3508619092158, Server_02, 3.531593941666367, 1610.995960884372, 0.0, 4
220, 1179.1584468989065, Server_02, 3.531593941666367, 1610.995960884372, 0.0, 4
221, 1183.9755922730537, Server_02, 3.531593941666367, 1607.7986854135747, 0.0, 4
222, 1188.8432277648858, Server_02, 3.531593941666367, 1591.1216057562617, 0.0, 4
223, 1193.7281218235692, Server_02, 3.531593941666367, 1585.5000962062904, 0.0, 4
224, 1198.5676912700403, Server_02, 3.531593941666367, 1600.3489743591501, 0.0, 4
225, 1203.375276259731, Server_02, 3.531593941666367, 1610.995960884372, 0.0, 4
226, 1208.325573797243, Server_02, 3.531593941666367, 1564.5524216091342, 0.0, 4
227, 1213.304858250851, Server_02, 3.531593941666367, 1555.4443760262825, 0.0, 4
228, 1218.1871250766765, Server_02, 3.531593941666367, 1586.3532814371931, 0.0, 4
229, 1223.0562265699332, Server_02, 3.531593941666367, 1590.6425468284335, 0.0, 4
230, 1230.8771426936446, Server_02, 4.0211812311925765, 1555.4443760262582, 0.0, 5
231, 1235.8564271472528, Server_02, 3.531593941666367, 1555.4443760262825, 0.0, 4
232, 1240.835711600861, Server_02, 3.531593941666367, 1555.4443760262825, 0.0, 4
233, 1245.8149960544692, Server_02, 3.531593941666367, 1555.4443760262825, 0.0, 4
234, 1250.7942805080775, Server_02, 3.531593941666367, 1555.4443760262825, 0.0, 4
235, 1255.7735649616857, Server_02, 3.531593941666367, 1555.4443760262825, 0.0, 4
236, 1260.752849415294, Server_02, 3.531593941666367, 1555.4443760262825, 0.0, 4
237, 1265.732133868902, Server_02, 3.531593941666367, 1555.4443760262825, 0.0, 4
238, 1270.7114183225103, Server_02, 3.531593941666367, 1555.4443760262825, 0.0, 4
239, 1275.6907027761185, Server_02, 3.531593941666367, 1555.4443760262825, 0.0, 4
240, 1280.7395981163247, Server_02, 3.531593941666367, 1533.998920184337, 0.0, 4
241, 1283.9226901229683, Server_02, 3.0417973963282776, 1548.808513769098, 0.0, 3
242, 1287.6744626739962, Server_0, 3.0417973963282776, 1314.0455432590911, 0.0, 3
243, 1293.5809242327591, Server_0, 3.531593941666367, 1311.275782115172, 0.0, 4
244, 1297.3265898720563, Server_0, 3.0417973963282776, 1316.1879555605694, 0.0, 3
245, 1303.1951520513292, Server_0, 3.531593941666367, 1319.744046907177, 0.0, 4
246, 1306.9475585737216, Server_0, 3.0417973963282776, 1313.8235344652223, 0.0, 3
247, 1312.8900061171912, Server_0, 3.531593941666367, 1303.3350220333543, 0.0, 4
248, 1318.8308075687376, Server_0, 3.531593941666367, 1303.6961533168273, 0.0, 4
249, 1322.6123635604902, Server_0, 3.0417973963282776, 1303.6961533168062, 0.0, 3
250, 1328.5361449349014, Server_0, 3.531593941666367, 1307.4419041620747, 0.0, 4
251, 1332.317700926654, Server_0, 3.0417973963282776, 1303.6961533168062, 0.0, 3
252, 1338.2495058591142, Server_0, 3.531593941666367, 1305.6734144471952, 0.0, 4
253, 1342.0310618508668, Server_0, 3.0417973963282776, 1303.6961533168062, 0.0, 3
254, 1347.979909664945, Server_0, 3.531593941666367, 1301.9327846429715, 0.0, 4
255, 1353.9280140267522, Server_0, 3.531593941666367, 1302.0955129386375, 0.0, 4
256, 1357.7013998416494, Server_0, 3.0417973963282776, 1306.5189307005164, 0.0, 3
257, 1363.6448617141036, Server_0, 3.531593941666367, 1303.1125909792122, 0.0, 4
258, 1367.4701351161655, Server_0, 3.0417973963282776, 1288.7967687074886, 0.0, 3
259, 1373.4115064427854, Server_0, 3.531593941666367, 1303.5711074477142, 0.0, 4
260, 1377.1493450242288, Server_0, 3.0417973963282776, 1318.9440615427156, 0.0, 3
261, 1383.097250521916, Server_0, 3.531593941666367, 1302.139047604478, 0.0, 4
262, 1389.133217737245, Server_0, 3.531593941666367, 1283.1414955884247, 0.0, 4
263, 1393.074631636671, Server_0, 3.0417973963282776, 1250.8201690561007, 0.0, 3
264, 1399.1451978531934, Server_0, 3.531593941666367, 1275.8282709972423, 0.0, 4
265, 1403.0426082071342, Server_0, 3.0417973963282776, 1264.9425008621681, 0.0, 3
266, 1409.2041969749166, Server_0, 3.531593941666367, 1256.980998228396, 0.0, 4
267, 1413.004933128132, Server_0, 3.0417973963282776, 1297.1171376442953, 0.0, 3
268, 1418.9077292025522, Server_0, 3.531593941666367, 1312.0900506055164, 0.0, 4
269, 1422.9286983006489, Server_0, 3.0417973963282776, 1226.0725908919908, 0.0, 3
270, 1429.1361508211428, Server_0, 3.531593941666367, 1247.693796195761, 0.0, 4
271, 1432.7883326849287, Server_0, 3.0417973963282776, 1349.8780137113602, 0.0, 3
272, 1438.7905779787143, Server_0, 3.531593941666367, 1290.3504640203228, 0.0, 4
273, 1442.6321828760065, Server_0, 3.0417973963282776, 1283.3178142486668, 0.0, 3
274, 1448.692504374872, Server_0, 3.531593941666367, 1277.9850048301673, 0.0, 4
275, 1452.5354970569263, Server_0, 3.0417973963282776, 1282.8543814360496, 0.0, 3
276, 1458.5315891335858, Server_0, 3.531593941666367, 1291.6746275708856, 0.0, 4
277, 1462.355174304493, Server_0, 3.0417973963282776, 1289.3658123562618, 0.0, 3
278, 1468.3687281440716, Server_0, 3.531593941666367, 1287.9239475708512, 0.0, 4
279, 1472.1618795396603, Server_0, 3.0417973963282776, 1299.7108435306482, 0.0, 3
280, 1478.2888792292538, Server_0, 3.531593941666367, 1264.077100110616, 0.0, 4
281, 1482.1941772353402, Server_0, 3.0417973963282776, 1262.3876570537043, 0.0, 3
282, 1488.294379933389, Server_0, 3.531593941666367, 1269.6299423750665, 0.0, 4
283, 1492.1633707457602, Server_0, 3.0417973963282776, 1274.2340933548783, 0.0, 3
284, 1498.2415317684406, Server_0, 3.531593941666367, 1274.2340933548517, 0.0, 4
285, 1502.1105225808117, Server_0, 3.0417973963282776, 1274.2340933548783, 0.0, 3
286, 1508.188683603492, Server_0, 3.531593941666367, 1274.2340933548517, 0.0, 4
287, 1512.106449046518, Server_0, 3.0417973963282776, 1258.3703827333425, 0.0, 3
288, 1518.2446580490275, Server_0, 3.531593941666367, 1261.7687010712102, 0.0, 4
289, 1522.1151835065857, Server_0, 3.0417973963282776, 1273.7288655143498, 0.0, 3
290, 1528.2239723179937, Server_0, 3.531593941666367, 1267.845433703069, 0.0, 4
291, 1532.0866680832703, Server_0, 3.0417973963282776, 1276.310716551335, 0.0, 3
292, 1538.31158294348, Server_0, 3.531593941666367, 1244.1937237578559, 0.0, 4
293, 1542.2407356524473, Server_0, 3.0417973963282776, 1254.7234391650522, 0.0, 3
294, 1548.3469708650018, Server_0, 3.531593941666367, 1268.3756407018345, 0.0, 4
295, 1552.2938672766772, Server_0, 3.0417973963282776, 1249.0826932818477, 0.0, 3
296, 1558.3515760702408, Server_0, 3.531593941666367, 1278.5362030326203, 0.0, 4
297, 1562.2723523765617, Server_0, 3.0417973963282776, 1257.4040482880994, 0.0, 3
298, 1568.481699485422, Server_0, 3.531593941666367, 1247.3131013964996, 0.0, 4
299, 1572.1569361231834, Server_0, 3.0417973963282776, 1341.4102235884648, 0.0, 3
300, 1578.0307114694729, Server_0, 3.531593941666367, 1318.5727310617406, 0.0, 4
301, 1584.047483789663, Server_0, 3.531593941666367, 1287.2350136983996, 0.0, 4
302, 1587.9154298221983, Server_0, 3.0417973963282776, 1274.5782796686017, 0.0, 3
303, 1593.974961266622, Server_0, 3.531593941666367, 1278.1516312003862, 0.0, 4
304, 1597.799397971032, Server_0, 3.0417973963282776, 1289.0787274149448, 0.0, 3
305, 1603.8449656199846, Server_0, 3.531593941666367, 1281.103851569982, 0.0, 4
306, 1607.7674400534179, Server_0, 3.0417973963282776, 1256.859689888358, 0.0, 3
307, 1613.8969271578505, Server_0, 3.531593941666367, 1263.5641233993388, 0.0, 4
308, 1617.7222005599124, Server_0, 3.0417973963282776, 1288.7967687074886, 0.0, 3
309, 1623.7316817970259, Server_0, 3.531593941666367, 1288.7967687074608, 0.0, 4
310, 1627.5569551990877, Server_0, 3.0417973963282776, 1288.7967687074886, 0.0, 3
311, 1633.5664364362012, Server_0, 3.531593941666367, 1288.7967687074608, 0.0, 4
312, 1637.391709838263, Server_0, 3.0417973963282776, 1288.7967687074886, 0.0, 3
313, 1643.4011910753766, Server_0, 3.531593941666367, 1288.7967687074608, 0.0, 4
314, 1647.2264644774384, Server_0, 3.0417973963282776, 1288.7967687074886, 0.0, 3
315, 1653.235945714552, Server_0, 3.531593941666367, 1288.7967687074608, 0.0, 4
316, 1657.0698067468272, Server_0, 3.0417973963282776, 1285.9099373964941, 0.0, 3
317, 1663.0683716185367, Server_0, 3.531593941666367, 1291.1421591065975, 0.0, 4
318, 1669.0878158757673, Server_0, 3.531593941666367, 1286.663630234081, 0.0, 4
319, 1672.9438655587628, Server_0, 3.0417973963282776, 1278.510497865327, 0.0, 3
320, 1678.9885707431597, Server_0, 3.531593941666367, 1281.2866407433828, 0.0, 4
321, 1682.825872990598, Server_0, 3.0417973963282776, 1284.7567593329484, 0.0, 3
322, 1688.8553227466484, Server_0, 3.531593941666367, 1284.5284915473728, 0.0, 4
323, 1692.690529175441, Server_0, 3.0417973963282776, 1285.4588381444805, 0.0, 3
324, 1698.7163782563052, Server_0, 3.531593941666367, 1285.2960464269142, 0.0, 4
325, 1702.541651658367, Server_0, 3.0417973963282776, 1288.7967687074886, 0.0, 3
326, 1708.5511328954806, Server_0, 3.531593941666367, 1288.7967687074608, 0.0, 4
327, 1712.3764062975424, Server_0, 3.0417973963282776, 1288.7967687074886, 0.0, 3
328, 1718.385887534656, Server_0, 3.531593941666367, 1288.7967687074608, 0.0, 4
329, 1722.2111609367178, Server_0, 3.0417973963282776, 1288.7967687074886, 0.0, 3
330, 1728.2300715645406, Server_0, 3.531593941666367, 1286.7777042905734, 0.0, 4
331, 1732.0875421059184, Server_0, 3.0417973963282776, 1278.0395720764582, 0.0, 3
332, 1738.1313632358153, Server_0, 3.531593941666367, 1281.4740597943592, 0.0, 4
333, 1741.978495343032, Server_0, 3.0417973963282776, 1281.4740597943485, 0.0, 3
334, 1748.0441751780834, Server_0, 3.531593941666367, 1276.8560508657777, 0.0, 4
335, 1754.1098550131348, Server_0, 3.531593941666367, 1276.8560508657777, 0.0, 4
336, 1757.9591498887369, Server_0, 3.0417973963282776, 1280.7540495917324, 0.0, 3
337, 1764.0357274968953, Server_0, 3.531593941666367, 1274.566129066056, 0.0, 4
338, 1767.93055669961, Server_0, 3.0417973963282776, 1265.7807938186065, 0.0, 3
339, 1774.0226808560315, Server_0, 3.531593941666367, 1271.313551913786, 0.0, 4
340, 1777.905276731673, Server_0, 3.0417973963282776, 1269.769030284515, 0.0, 3
341, 1784.0438487064146, Server_0, 3.531593941666367, 1261.6940930021508, 0.0, 4
342, 1787.9346982239404, Server_0, 3.0417973963282776, 1267.0754748528557, 0.0, 3
343, 1794.0282758429464, Server_0, 3.531593941666367, 1271.010313521421, 0.0, 4
344, 1797.969098943666, Server_0, 3.0417973963282776, 1251.0076890027724, 0.0, 3
345, 1804.1517243630303, Server_0, 3.531593941666367, 1252.7040657747566, 0.0, 4
346, 1807.9632489289418, Server_0, 3.0417973963282776, 1293.4456841998867, 0.0, 3
347, 1814.120247069223, Server_0, 3.531593941666367, 1257.9181970722739, 0.0, 4
348, 1818.0463529357273, Server_0, 3.0417973963282776, 1255.6971634566728, 0.0, 3
349, 1824.0357796200492, Server_0, 3.531593941666367, 1293.112080372163, 0.0, 4
350, 1828.016292132729, Server_0, 3.0417973963282776, 1238.5339788018996, 0.0, 3
351, 1834.2088921231143, Server_0, 3.531593941666367, 1250.686304948632, 0.0, 4
352, 1838.062648900096, Server_0, 3.0417973963282776, 1279.2711853136602, 0.0, 3
353, 1844.144813034628, Server_0, 3.531593941666367, 1273.395427793079, 0.0, 4
354, 1848.0594171652883, Server_0, 3.0417973963282776, 1259.386603459283, 0.0, 3
355, 1854.158248048661, Server_0, 3.531593941666367, 1269.915521205082, 0.0, 4
356, 1858.0293394811874, Server_0, 3.0417973963282776, 1273.542639312607, 0.0, 3
357, 1864.1057935718763, Server_0, 3.531593941666367, 1274.592037462743, 0.0, 4
358, 1867.9668030215344, Server_0, 3.0417973963282776, 1276.8681517826049, 0.0, 3
359, 1874.035896545025, Server_0, 3.531593941666367, 1276.1378565056996, 0.0, 4
360, 1877.909157655336, Server_0, 3.0417973963282776, 1272.8292411982984, 0.0, 3
361, 1883.9634436652875, Server_0, 3.531593941666367, 1279.2590220001896, 0.0, 4
362, 1887.792149770562, Server_0, 3.0417973963282776, 1287.6412721280344, 0.0, 3
363, 1893.876609425671, Server_0, 3.531593941666367, 1272.9150062646452, 0.0, 4
364, 1897.7637256623102, Server_0, 3.0417973963282776, 1268.292404927516, 0.0, 3
365, 1903.8312610277283, Server_0, 3.531593941666367, 1276.4655718601437, 0.0, 4
366, 1907.6994932100604, Server_0, 3.0417973963282776, 1274.4839936230892, 0.0, 3
367, 1913.8227313610305, Server_0, 3.531593941666367, 1264.8536295739132, 0.0, 4
368, 1917.7135595290345, Server_0, 3.0417973963282776, 1267.0824274743397, 0.0, 3
369, 1923.79182463971, Server_0, 3.531593941666367, 1274.2122725770905, 0.0, 4
370, 1927.6582733045298, Server_0, 3.0417973963282776, 1275.071888282757, 0.0, 3
371, 1933.7782593064937, Server_0, 3.531593941666367, 1265.5257704044639, 0.0, 4
372, 1937.6866238829534, Server_0, 3.0417973963282776, 1261.3971658871542, 0.0, 3
373, 1943.7648622627012, Server_0, 3.531593941666367, 1274.2178763185375, 0.0, 4
374, 1947.6132168643128, Server_0, 3.0417973963282776, 1281.066978062627, 0.0, 3
375, 1953.7160866500783, Server_0, 3.531593941666367, 1269.0750862921311, 0.0, 4
376, 1957.578670203718, Server_0, 3.0417973963282776, 1276.3477945621166, 0.0, 3
377, 1963.661428642697, Server_0, 3.531593941666367, 1273.2710130931996, 0.0, 4
378, 1967.5339501178826, Server_0, 3.0417973963282776, 1273.0723461678976, 0.0, 3
379, 1973.6184867133088, Server_0, 3.531593941666367, 1272.8989099715384, 0.0, 4
380, 1977.5083244227942, Server_0, 3.0417973963282776, 1267.4050611361413, 0.0, 3
381, 1983.602165314883, Server_0, 3.531593941666367, 1270.9554018804122, 0.0, 4
382, 1987.4798779560751, Server_0, 3.0417973963282776, 1271.3680605493093, 0.0, 3
383, 1993.5781030596308, Server_0, 3.531593941666367, 1270.0416708927496, 0.0, 4
384, 1997.4657229969052, Server_0, 3.0417973963282776, 1268.128078244299, 0.0, 3
385, 2003.572116964825, Server_0, 3.531593941666367, 1268.3426651946697, 0.0, 4
386, 2007.4613112419854, Server_0, 3.0417973963282776, 1267.614741940714, 0.0, 3
387, 2013.5789358882707, Server_0, 3.531593941666367, 1266.0142535392124, 0.0, 4
388, 2017.5031809712646, Server_0, 3.0417973963282776, 1256.2925851305101, 0.0, 3
389, 2023.5654434400765, Server_0, 3.531593941666367, 1277.5758291306477, 0.0, 4
390, 2027.3515167146318, Server_0, 3.0417973963282776, 1302.1406725359989, 0.0, 3
391, 2033.3335660839823, Server_0, 3.531593941666367, 1294.706800596142, 0.0, 4
392, 2037.153853626579, Server_0, 3.0417973963282776, 1290.478778110288, 0.0, 3
393, 2043.1127781568853, Server_0, 3.531593941666367, 1299.731178102669, 0.0, 4
394, 2049.0732628455676, Server_0, 3.531593941666367, 1299.390973137825, 0.0, 4
395, 2052.8766775424747, Server_0, 3.0417973963282776, 1296.203646688596, 0.0, 3
396, 2058.8473320841545, Server_0, 3.531593941666367, 1297.1777124156022, 0.0, 4
397, 2062.628888075907, Server_0, 3.0417973963282776, 1303.6961533168062, 0.0, 3
398, 2068.585966398494, Server_0, 3.531593941666367, 1300.1339886088415, 0.0, 4
399, 2072.409724708824, Server_0, 3.0417973963282776, 1289.3074299914276, 0.0, 3
400, 2078.40022485836, Server_0, 3.531593941666367, 1292.8803616839143, 0.0, 4
401, 2082.2036395552673, Server_0, 3.0417973963282776, 1296.203646688596, 0.0, 3
402, 2088.1613842308484, Server_0, 3.531593941666367, 1299.9885731498798, 0.0, 4
403, 2091.9647989277555, Server_0, 3.0417973963282776, 1296.203646688596, 0.0, 3
404, 2097.9615562491026, Server_0, 3.531593941666367, 1291.5313368492577, 0.0, 4
405, 2103.9424888950175, Server_0, 3.531593941666367, 1294.9485403902695, 0.0, 4
406, 2107.7404252131196, Server_0, 3.0417973963282776, 1298.0733711890268, 0.0, 3
407, 2113.795324914881, Server_0, 3.531593941666367, 1279.129363240658, 0.0, 4
408, 2117.6653628218596, Server_0, 3.0417973963282776, 1273.8893309313273, 0.0, 3
409, 2123.6815130995083, Server_0, 3.531593941666367, 1287.368107936801, 0.0, 4
410, 2127.5288495276523, Server_0, 3.0417973963282776, 1281.4060044076525, 0.0, 3
411, 2133.6216801767273, Server_0, 3.531593941666367, 1271.1661370689465, 0.0, 4
412, 2137.483078635271, Server_0, 3.0417973963282776, 1276.7395162475557, 0.0, 3
413, 2143.5583534796733, Server_0, 3.531593941666367, 1274.8394432123519, 0.0, 4
414, 2147.4098507895983, Server_0, 3.0417973963282776, 1280.0216651575506, 0.0, 3
415, 2153.4477534015364, Server_0, 3.531593941666367, 1282.7301958608382, 0.0, 4
416, 2157.333079901601, Server_0, 3.0417973963282776, 1268.8766310676208, 0.0, 3
417, 2163.4089225711896, Server_0, 3.531593941666367, 1274.7203015585485, 0.0, 4
418, 2167.268318015118, Server_0, 3.0417973963282776, 1277.4021402123658, 0.0, 3
419, 2173.3771477943847, Server_0, 3.531593941666367, 1267.8369311069168, 0.0, 4
420, 2177.26009791083, Server_0, 3.0417973963282776, 1269.653189496285, 0.0, 3
421, 2183.382060882967, Server_0, 3.531593941666367, 1265.1170932020084, 0.0, 4
422, 2187.303790048311, Server_0, 3.0417973963282776, 1257.0985379525953, 0.0, 3
423, 2193.371956179143, Server_0, 3.531593941666367, 1276.3328875667812, 0.0, 4
424, 2197.2281729098722, Server_0, 3.0417973963282776, 1278.455113975888, 0.0, 3
425, 2203.3335472192034, Server_0, 3.531593941666367, 1268.5544911084137, 0.0, 4
426, 2207.2138079782962, Server_0, 3.0417973963282776, 1270.533169310143, 0.0, 3
427, 2213.3244164645644, Server_0, 3.531593941666367, 1267.467882683814, 0.0, 4
428, 2217.2295652043726, Server_0, 3.0417973963282776, 1262.4359092253246, 0.0, 3
429, 2223.328123400042, Server_0, 3.531593941666367, 1269.9723035355946, 0.0, 4
430, 2227.238038874751, Server_0, 3.0417973963282776, 1260.896822933689, 0.0, 3
431, 2233.424448163387, Server_0, 3.531593941666367, 1251.937859046489, 0.0, 4
432, 2237.322947552553, Server_0, 3.0417973963282776, 1264.5891426070648, 0.0, 3
433, 2243.4158956588153, Server_0, 3.531593941666367, 1271.1416320844605, 0.0, 4
434, 2247.324156351635, Server_0, 3.0417973963282776, 1261.4306944922118, 0.0, 3
435, 2253.4710370829584, Server_0, 3.531593941666367, 1259.9886574230513, 0.0, 4
436, 2257.3943615946637, Server_0, 3.0417973963282776, 1256.5873623992493, 0.0, 3
437, 2263.429177103112, Server_0, 3.531593941666367, 1283.3863751356407, 0.0, 4
438, 2267.447627650577, Server_0, 3.0417973963282776, 1226.8410278459578, 0.0, 3
439, 2273.542179222537, Server_0, 3.531593941666367, 1270.807196977946, 0.0, 4
440, 2277.3085379494587, Server_0, 3.0417973963282776, 1308.9565698457477, 0.0, 3
441, 2283.2726715687068, Server_0, 3.531593941666367, 1298.5959897015969, 0.0, 4
442, 2287.3291046472195, Server_0, 3.0417973963282776, 1215.3534656135619, 0.0, 3
443, 2293.7177034290485, Server_0, 3.531593941666367, 1212.315918481072, 0.0, 4
444, 2297.1367503084957, Server_0, 3.0417973963282776, 1441.922317484287, 0.0, 3
445, 2302.6659568503064, Server_0, 3.531593941666367, 1400.7434776461907, 0.0, 4
446, 2309.295857388603, Server_0, 3.531593941666367, 1168.1924872420288, 0.0, 4
447, 2313.4291118846827, Server_0, 3.0417973963282776, 1192.7646857158354, 0.0, 3
448, 2317.758148105457, Server_02, 3.0417973963282776, 1138.821610302447, 0.0, 3
449, 2323.791347942229, Server_02, 3.531593941666367, 1283.7300619142052, 0.0, 4
450, 2327.2887407669714, Server_02, 3.0417973963282776, 1409.6214657737999, 0.0, 3
451, 2332.783123612332, Server_02, 3.531593941666367, 1409.6214657738587, 0.0, 4
452, 2338.3021520425273, Server_02, 3.531593941666367, 1403.3267083072449, 0.0, 4
453, 2341.9088383930425, Server_02, 3.0417973963282776, 1366.905663780746, 0.0, 3
454, 2347.574920702321, Server_02, 3.531593941666367, 1366.9056637806498, 0.0, 4
455, 2353.2410030115993, Server_02, 3.531593941666367, 1366.9056637806498, 0.0, 4
456, 2356.8476893621146, Server_02, 3.0417973963282776, 1366.905663780746, 0.0, 3
457, 2362.513771671393, Server_02, 3.531593941666367, 1366.9056637806498, 0.0, 4
458, 2368.1798539806714, Server_02, 3.531593941666367, 1366.9056637806498, 0.0, 4
459, 2371.7865403311866, Server_02, 3.0417973963282776, 1366.905663780746, 0.0, 3
460, 2377.452622640465, Server_02, 3.531593941666367, 1366.9056637806498, 0.0, 4
461, 2383.1187049497435, Server_02, 3.531593941666367, 1366.9056637806498, 0.0, 4
462, 2388.784787259022, Server_02, 3.531593941666367, 1366.9056637806498, 0.0, 4
463, 2392.391473609537, Server_02, 3.0417973963282776, 1366.905663780746, 0.0, 3
464, 2398.0575559188155, Server_02, 3.531593941666367, 1366.9056637806498, 0.0, 4
465, 2403.723638228094, Server_02, 3.531593941666367, 1366.9056637806498, 0.0, 4
466, 2407.330324578609, Server_02, 3.0417973963282776, 1366.905663780746, 0.0, 3
467, 2412.9964068878876, Server_02, 3.531593941666367, 1366.9056637806498, 0.0, 4
468, 2418.662489197166, Server_02, 3.531593941666367, 1366.9056637806498, 0.0, 4
469, 2422.2691755476812, Server_02, 3.0417973963282776, 1366.905663780746, 0.0, 3
470, 2427.9352578569597, Server_02, 3.531593941666367, 1366.9056637806498, 0.0, 4
471, 2433.601340166238, Server_02, 3.531593941666367, 1366.9056637806498, 0.0, 4
472, 2437.2080265167533, Server_02, 3.0417973963282776, 1366.905663780746, 0.0, 3
473, 2442.8741088260317, Server_02, 3.531593941666367, 1366.9056637806498, 0.0, 4
474, 2448.609802021908, Server_02, 3.531593941666367, 1350.3162975259063, 0.0, 4
475, 2452.2679544674334, Server_02, 3.0417973963282776, 1347.6748367964185, 0.0, 3
476, 2458.061475094073, Server_02, 3.531593941666367, 1336.838254167417, 0.0, 4
477, 2463.9433505916095, Server_02, 3.531593941666367, 1316.7568751232463, 0.0, 4
478, 2467.6051946905495, Server_02, 3.0417973963282776, 1346.3161911854863, 0.0, 3
479, 2473.437500166238, Server_02, 3.531593941666367, 1327.9482757349704, 0.0, 4
480, 2477.1981980962832, Server_02, 3.0417973963282776, 1310.9268789212606, 0.0, 3
481, 2482.983528189606, Server_02, 3.531593941666367, 1338.7308718890158, 0.0, 4
482, 2488.8136582779134, Server_02, 3.531593941666367, 1328.4437710117666, 0.0, 4
483, 2492.575626066443, Server_02, 3.0417973963282776, 1310.484373372853, 0.0, 3
484, 2498.304880949743, Server_02, 3.531593941666367, 1351.833730172374, 0.0, 4
485, 2502.0108394194267, Server_02, 3.0417973963282776, 1330.2901369051194, 0.0, 3
486, 2507.6869431353102, Server_02, 3.531593941666367, 1364.4923327117945, 0.0, 4
487, 2513.3530254445886, Server_02, 3.531593941666367, 1366.9056637806498, 0.0, 4
488, 2516.959711795104, Server_02, 3.0417973963282776, 1366.905663780746, 0.0, 3
489, 2522.69540499098, Server_02, 3.531593941666367, 1350.3162975259063, 0.0, 4
490, 2528.4707808260314, Server_02, 3.531593941666367, 1341.0382668076388, 0.0, 4
491, 2532.2464928874633, Server_02, 3.0417973963282776, 1305.713973890876, 0.0, 3
492, 2538.520232914192, Server_02, 3.531593941666367, 1234.5108287884163, 0.0, 4
493, 2542.558564602536, Server_02, 3.0417973963282776, 1220.8011576239944, 0.0, 3
494, 2548.862468573058, Server_02, 3.531593941666367, 1228.603740827437, 0.0, 4
495, 2552.763567190167, Server_02, 3.0417973963282776, 1263.7465708706357, 0.0, 3
496, 2558.482950629616, Server_02, 3.531593941666367, 1354.1669450905624, 0.0, 4
497, 2562.1613516759467, Server_02, 3.0417973963282776, 1340.2562520793686, 0.0, 3
498, 2568.0460210367714, Server_02, 3.531593941666367, 1316.131718726588, 0.0, 4
499, 2573.8332780879155, Server_02, 3.531593941666367, 1338.2851204905387, 0.0, 4
500, 2577.5373767481115, Server_02, 3.0417973963282776, 1330.9580689568181, 0.0, 3
501, 2583.312198979305, Server_02, 3.531593941666367, 1341.1668255629465, 0.0, 4
502, 2586.951234310887, Server_02, 3.0417973963282776, 1354.7546398393727, 0.0, 3
503, 2592.941166245249, Server_02, 3.531593941666367, 1293.0030065232634, 0.0, 4
504, 2599.3987067558337, Server_02, 3.531593941666367, 1199.3730410680253, 0.0, 4
505, 2603.5272151503805, Server_02, 3.0417973963282776, 1194.1358788350526, 0.0, 3
506, 2607.571075603989, Server_02, 3.0417973963282776, 1219.1320785070232, 0.0, 3
507, 2614.2453869341894, Server_02, 3.531593941666367, 1160.4193476793344, 0.0, 4
508, 2618.632308712753, Server_02, 3.0417973963282776, 1123.7948267256697, 0.0, 3
509, 2622.829045004063, Server_0, 3.0417973963282776, 1174.7223694298352, 0.0, 3
510, 2629.9221493881505, Server_0, 3.531593941666367, 1091.9055438370644, 0.0, 4
511, 2633.8282314432186, Server_0, 3.0417973963282776, 1262.1342640775902, 0.0, 3
512, 2638.831010201441, Server_02, 3.0417973963282776, 985.4523332452077, 0.0, 3
513, 2641.230213714573, Server_0, 2.5526430912103453, 1308.767673443898, 0.0, 2
514, 2648.103614322234, Server_0, 3.531593941666367, 1126.8075938084298, 0.0, 4
515, 2655.2557316040766, Server_0, 3.531593941666367, 1082.8961124089358, 0.0, 4
516, 2659.0480779920117, Server_0, 3.0417973963282776, 1299.986735305656, 0.0, 3
517, 2662.1991488868584, Server_0, 3.0417973963282776, 1564.5474711668794, 0.0, 3
518, 2672.325833290151, Server_0, 4.0211812311925765, 1201.2816352847676, 0.0, 5
519, 2676.5859653440775, Server_0, 3.0417973963282776, 1157.2411224802363, 0.0, 3
520, 2680.693740518068, Server_0, 3.0417973963282776, 1200.1630544962125, 0.0, 3
521, 2684.1937064204963, Server_0, 3.0417973963282776, 1408.5851512380311, 0.0, 3
522, 2687.4651955696963, Server_02, 3.0417973963282776, 1506.9589948679636, 0.0, 3
523, 2692.6161794872223, Server_02, 3.531593941666367, 1503.5962301586665, 0.0, 4
524, 2697.7671634047483, Server_02, 3.531593941666367, 1503.5962301586665, 0.0, 4
525, 2702.961301109879, Server_02, 3.531593941666367, 1491.1040945929346, 0.0, 4
526, 2708.51655588685, Server_02, 3.531593941666367, 1394.175480863061, 0.0, 4
527, 2712.451122814685, Server_02, 3.0417973963282776, 1252.996858465618, 0.0, 3
528, 2718.6323035157156, Server_02, 3.531593941666367, 1252.9968584656292, 0.0, 4
529, 2722.5668704435507, Server_02, 3.0417973963282776, 1252.996858465618, 0.0, 3
530, 2728.7480511445815, Server_02, 3.531593941666367, 1252.9968584656292, 0.0, 4
531, 2732.6826180724165, Server_02, 3.0417973963282776, 1252.996858465618, 0.0, 3
532, 2738.8637987734473, Server_02, 3.531593941666367, 1252.9968584656292, 0.0, 4
533, 2742.7983657012824, Server_02, 3.0417973963282776, 1252.996858465618, 0.0, 3
534, 2748.979546402313, Server_02, 3.531593941666367, 1252.9968584656292, 0.0, 4
535, 2752.914113330148, Server_02, 3.0417973963282776, 1252.996858465618, 0.0, 3
536, 2759.095294031179, Server_02, 3.531593941666367, 1252.9968584656292, 0.0, 4
537, 2763.029860959014, Server_02, 3.0417973963282776, 1252.996858465618, 0.0, 3
538, 2769.211041660045, Server_02, 3.531593941666367, 1252.9968584656292, 0.0, 4
539, 2773.14560858788, Server_02, 3.0417973963282776, 1252.996858465618, 0.0, 3
540, 2777.080175515715, Server_02, 3.0417973963282776, 1252.996858465618, 0.0, 3
541, 2783.2613562167458, Server_02, 3.531593941666367, 1252.9968584656292, 0.0, 4
542, 2787.195923144581, Server_02, 3.0417973963282776, 1252.996858465618, 0.0, 3
543, 2793.3771038456116, Server_02, 3.531593941666367, 1252.9968584656292, 0.0, 4
544, 2797.3116707734466, Server_02, 3.0417973963282776, 1252.996858465618, 0.0, 3
545, 2803.4928514744774, Server_02, 3.531593941666367, 1252.9968584656292, 0.0, 4
546, 2807.4274184023125, Server_02, 3.0417973963282776, 1252.996858465618, 0.0, 3
547, 2813.6085991033433, Server_02, 3.531593941666367, 1252.9968584656292, 0.0, 4
548, 2817.5431660311783, Server_02, 3.0417973963282776, 1252.996858465618, 0.0, 3
549, 2823.724346732209, Server_02, 3.531593941666367, 1252.9968584656292, 0.0, 4
550, 2827.658913660044, Server_02, 3.0417973963282776, 1252.996858465618, 0.0, 3
551, 2833.840094361075, Server_02, 3.531593941666367, 1252.9968584656292, 0.0, 4
552, 2837.77466128891, Server_02, 3.0417973963282776, 1252.996858465618, 0.0, 3
553, 2843.955841989941, Server_02, 3.531593941666367, 1252.9968584656292, 0.0, 4
554, 2847.890408917776, Server_02, 3.0417973963282776, 1252.996858465618, 0.0, 3
555, 2854.0715896188067, Server_02, 3.531593941666367, 1252.9968584656292, 0.0, 4
556, 2858.0061565466417, Server_02, 3.0417973963282776, 1252.996858465618, 0.0, 3
557, 2864.1873372476725, Server_02, 3.531593941666367, 1252.9968584656292, 0.0, 4
558, 2868.1219041755076, Server_02, 3.0417973963282776, 1252.996858465618, 0.0, 3
559, 2874.3030848765384, Server_02, 3.531593941666367, 1252.9968584656292, 0.0, 4
560, 2878.2376518043734, Server_02, 3.0417973963282776, 1252.996858465618, 0.0, 3
561, 2882.1068533909042, Server_02, 3.0417973963282776, 1274.1646796491386, 0.0, 3
562, 2888.1163346280177, Server_02, 3.531593941666367, 1288.7967687074608, 0.0, 4
563, 2894.1258158651312, Server_02, 3.531593941666367, 1288.7967687074608, 0.0, 4
564, 2897.9510892671933, Server_02, 3.0417973963282776, 1288.796768707412, 0.0, 3
565, 2903.960570504307, Server_02, 3.531593941666367, 1288.7967687074608, 0.0, 4
566, 2907.785843906369, Server_02, 3.0417973963282776, 1288.796768707412, 0.0, 3
567, 2913.7953251434824, Server_02, 3.531593941666367, 1288.7967687074608, 0.0, 4
568, 2917.6902144834053, Server_02, 3.0417973963282776, 1265.7612501251733, 0.0, 3
569, 2923.871395184436, Server_02, 3.531593941666367, 1252.9968584656292, 0.0, 4
570, 2927.805962112271, Server_02, 3.0417973963282776, 1252.996858465618, 0.0, 3
571, 2933.987142813302, Server_02, 3.531593941666367, 1252.9968584656292, 0.0, 4
572, 2937.921709741137, Server_02, 3.0417973963282776, 1252.996858465618, 0.0, 3
573, 2944.102890442168, Server_02, 3.531593941666367, 1252.9968584656292, 0.0, 4
574, 2948.037457370003, Server_02, 3.0417973963282776, 1252.996858465618, 0.0, 3
575, 2954.2186380710336, Server_02, 3.531593941666367, 1252.9968584656292, 0.0, 4
576, 2958.1532049988687, Server_02, 3.0417973963282776, 1252.996858465618, 0.0, 3
577, 2962.0877719267037, Server_02, 3.0417973963282776, 1252.996858465618, 0.0, 3
578, 2968.2689526277345, Server_02, 3.531593941666367, 1252.9968584656292, 0.0, 4
579, 2972.2035195555695, Server_02, 3.0417973963282776, 1252.996858465618, 0.0, 3
580, 2978.3847002566004, Server_02, 3.531593941666367, 1252.9968584656292, 0.0, 4
581, 2982.3192671844354, Server_02, 3.0417973963282776, 1252.996858465618, 0.0, 3
582, 2988.500447885466, Server_02, 3.531593941666367, 1252.9968584656292, 0.0, 4
583, 2992.435014813301, Server_02, 3.0417973963282776, 1252.996858465618, 0.0, 3
584, 2998.616195514332, Server_02, 3.531593941666367, 1252.9968584656292, 0.0, 4
585, 3002.550762442167, Server_02, 3.0417973963282776, 1252.996858465618, 0.0, 3
586, 3008.731943143198, Server_02, 3.531593941666367, 1252.9968584656292, 0.0, 4
587, 3012.666510071033, Server_02, 3.0417973963282776, 1252.996858465618, 0.0, 3
588, 3018.8476907720637, Server_02, 3.531593941666367, 1252.9968584656292, 0.0, 4
589, 3022.7822576998988, Server_02, 3.0417973963282776, 1252.996858465618, 0.0, 3
590, 3028.9634384009296, Server_02, 3.531593941666367, 1252.9968584656292, 0.0, 4
591, 3032.8980053287646, Server_02, 3.0417973963282776, 1252.996858465618, 0.0, 3
592, 3039.0791860297954, Server_02, 3.531593941666367, 1252.9968584656292, 0.0, 4
593, 3043.0137529576305, Server_02, 3.0417973963282776, 1252.996858465618, 0.0, 3
594, 3049.1949336586613, Server_02, 3.531593941666367, 1252.9968584656292, 0.0, 4
595, 3053.1295005864963, Server_02, 3.0417973963282776, 1252.996858465618, 0.0, 3
596, 3059.310681287527, Server_02, 3.531593941666367, 1252.9968584656292, 0.0, 4
597, 3063.245248215362, Server_02, 3.0417973963282776, 1252.996858465618, 0.0, 3
598, 3067.179815143197, Server_02, 3.0417973963282776, 1252.996858465618, 0.0, 3
599, 3073.441132802972, Server_02, 3.531593941666367, 1236.960081063621, 0.0, 4
600, 3077.4849932565803, Server_02, 3.0417973963282776, 1219.1320785070232, 0.0, 3
601, 3083.837873421529, Server_02, 3.531593941666367, 1219.1320785070502, 0.0, 4
602, 3087.8392474147245, Server_02, 3.0417973963282776, 1232.076783720691, 0.0, 3
603, 3094.0204281157553, Server_02, 3.531593941666367, 1252.9968584656292, 0.0, 4
604, 3097.9549950435903, Server_02, 3.0417973963282776, 1252.996858465618, 0.0, 3
605, 3104.136175744621, Server_02, 3.531593941666367, 1252.9968584656292, 0.0, 4
606, 3108.070742672456, Server_02, 3.0417973963282776, 1252.996858465618, 0.0, 3
607, 3114.251923373487, Server_02, 3.531593941666367, 1252.9968584656292, 0.0, 4
608, 3118.186490301322, Server_02, 3.0417973963282776, 1252.996858465618, 0.0, 3
609, 3122.1399620227116, Server_02, 3.0417973963282776, 1247.0052519478047, 0.0, 3
610, 3128.4928421876602, Server_02, 3.531593941666367, 1219.1320785070502, 0.0, 4
611, 3132.5367026412687, Server_02, 3.0417973963282776, 1219.1320785070232, 0.0, 3
612, 3138.8895828062173, Server_02, 3.531593941666367, 1219.1320785070502, 0.0, 4
613, 3142.9334432598257, Server_02, 3.0417973963282776, 1219.1320785070232, 0.0, 3
614, 3149.2863234247743, Server_02, 3.531593941666367, 1219.1320785070502, 0.0, 4
615, 3153.3301838783827, Server_02, 3.0417973963282776, 1219.1320785070232, 0.0, 3
616, 3157.355139538436, Server_02, 3.0417973963282776, 1224.8582137013245, 0.0, 3
617, 3163.536320239467, Server_02, 3.531593941666367, 1252.9968584656292, 0.0, 4
618, 3167.4012712294407, Server_02, 3.0417973963282776, 1275.565980730194, 0.0, 3
619, 3173.410752466554, Server_02, 3.531593941666367, 1288.7967687074608, 0.0, 4
620, 3177.2360258686163, Server_02, 3.0417973963282776, 1288.796768707412, 0.0, 3
621, 3183.2880283086847, Server_02, 3.531593941666367, 1279.7417180010893, 0.0, 4
622, 3187.2225952365197, Server_02, 3.0417973963282776, 1252.996858465618, 0.0, 3
623, 3193.4914574615036, Server_02, 3.531593941666367, 1235.4714016736775, 0.0, 4
624, 3197.535317915112, Server_02, 3.0417973963282776, 1219.1320785070232, 0.0, 3
625, 3203.8881980800606, Server_02, 3.531593941666367, 1219.1320785070502, 0.0, 4
626, 3207.889537330714, Server_02, 3.0417973963282776, 1232.0874815088134, 0.0, 3
627, 3214.070718031745, Server_02, 3.531593941666367, 1252.9968584656292, 0.0, 4
628, 3217.9176034356274, Server_02, 3.0417973963282776, 1281.556241582984, 0.0, 3
629, 3223.927084672741, Server_02, 3.531593941666367, 1288.7967687074608, 0.0, 4
630, 3227.752358074803, Server_02, 3.0417973963282776, 1288.796768707412, 0.0, 3
631, 3233.8272561810904, Server_02, 3.531593941666367, 1274.9185030748022, 0.0, 4
632, 3237.7618231089255, Server_02, 3.0417973963282776, 1252.996858465618, 0.0, 3
633, 3244.053965931216, Server_02, 3.531593941666367, 1230.9002225064385, 0.0, 4
634, 3248.0978263848247, Server_02, 3.0417973963282776, 1219.1320785070232, 0.0, 3
635, 3254.4507065497733, Server_02, 3.531593941666367, 1219.1320785070502, 0.0, 4
636, 3258.4945670033817, Server_02, 3.0417973963282776, 1219.1320785070232, 0.0, 3
637, 3262.53842745699, Server_02, 3.0417973963282776, 1219.1320785070232, 0.0, 3
638, 3268.8913076219387, Server_02, 3.531593941666367, 1219.1320785070502, 0.0, 4
639, 3272.935168075547, Server_02, 3.0417973963282776, 1219.1320785070232, 0.0, 3
640, 3279.2880482404958, Server_02, 3.531593941666367, 1219.1320785070502, 0.0, 4
641, 3283.331908694104, Server_02, 3.0417973963282776, 1219.1320785070232, 0.0, 3
642, 3287.3757691477126, Server_02, 3.0417973963282776, 1219.1320785070232, 0.0, 3
643, 3293.875087837783, Server_02, 3.531593941666367, 1191.6633680130979, 0.0, 4
644, 3298.0282418171646, Server_02, 3.0417973963282776, 1187.0496553884875, 0.0, 3
645, 3304.5528214460305, Server_02, 3.531593941666367, 1187.0496553884816, 0.0, 4
646, 3308.6295356534397, Server_02, 3.0417973963282776, 1209.3072384225609, 0.0, 3
647, 3312.45482214859, Server_02, 3.0417973963282776, 1288.7923574482513, 0.0, 3
648, 3318.1209044578686, Server_02, 3.531593941666367, 1366.9056637806498, 0.0, 4
649, 3323.8834886226, Server_02, 3.531593941666367, 1344.0150770207501, 0.0, 4
650, 3327.704427562344, Server_02, 3.0417973963282776, 1290.2587761139303, 0.0, 3
651, 3333.8856082633747, Server_02, 3.531593941666367, 1252.9968584656292, 0.0, 4
652, 3337.8201751912097, Server_02, 3.0417973963282776, 1252.996858465618, 0.0, 3
653, 3344.0013558922406, Server_02, 3.531593941666367, 1252.9968584656292, 0.0, 4
654, 3347.9359228200756, Server_02, 3.0417973963282776, 1252.996858465618, 0.0, 3
655, 3354.3091054314914, Server_02, 3.531593941666367, 1215.248404482707, 0.0, 4
656, 3358.462259410873, Server_02, 3.0417973963282776, 1187.0496553884875, 0.0, 3
657, 3362.615413390254, Server_02, 3.0417973963282776, 1187.0496553884875, 0.0, 3
658, 3368.947991108735, Server_02, 3.531593941666367, 1223.0406548974624, 0.0, 4
659, 3372.88255803657, Server_02, 3.0417973963282776, 1252.996858465618, 0.0, 3
660, 3379.063738737601, Server_02, 3.531593941666367, 1252.9968584656292, 0.0, 4
661, 3382.998305665436, Server_02, 3.0417973963282776, 1252.996858465618, 0.0, 3
662, 3389.179486366467, Server_02, 3.531593941666367, 1252.9968584656292, 0.0, 4
663, 3393.114053294302, Server_02, 3.0417973963282776, 1252.996858465618, 0.0, 3
664, 3399.2952339953326, Server_02, 3.531593941666367, 1252.9968584656292, 0.0, 4
665, 3403.2298009231677, Server_02, 3.0417973963282776, 1252.996858465618, 0.0, 3
666, 3407.1643678510027, Server_02, 3.0417973963282776, 1252.996858465618, 0.0, 3
667, 3413.5142210049394, Server_02, 3.531593941666367, 1219.7132456832271, 0.0, 4
668, 3417.558081458548, Server_02, 3.0417973963282776, 1219.1320785070232, 0.0, 3
669, 3424.1032192377047, Server_02, 3.531593941666367, 1183.3211555399303, 0.0, 4
670, 3428.3656667428595, Server_02, 3.0417973963282776, 1156.6124847374422, 0.0, 3
671, 3432.543286832873, Server_02, 3.0417973963282776, 1180.0977335840103, 0.0, 3
672, 3438.5558178855827, Server_02, 3.531593941666367, 1288.14303528788, 0.0, 4
673, 3442.162504236098, Server_02, 3.0417973963282776, 1366.905663780746, 0.0, 3
674, 3447.941072125536, Server_02, 3.531593941666367, 1340.2974834225524, 0.0, 4
675, 3454.3221625424994, Server_02, 3.531593941666367, 1213.742400422746, 0.0, 4
676, 3458.584610047654, Server_02, 3.0417973963282776, 1156.6124847374422, 0.0, 3
677, 3462.7925306425104, Server_02, 3.0417973963282776, 1171.6000549122696, 0.0, 3
678, 3468.918610122671, Server_02, 3.531593941666367, 1264.2669794086637, 0.0, 4
679, 3472.6085183605705, Server_02, 3.0417973963282776, 1336.0765856893963, 0.0, 3
680, 3478.3134196079227, Server_02, 3.531593941666367, 1357.6045691579197, 0.0, 4
681, 3482.201722161017, Server_02, 3.0417973963282776, 1267.905450432729, 0.0, 3
682, 3488.9300939546592, Server_02, 3.531593941666367, 1151.0957238300364, 0.0, 4
683, 3493.2223597531397, Server_02, 3.0417973963282776, 1148.5775186022527, 0.0, 3
684, 3497.45076355408, Server_02, 3.0417973963282776, 1165.9245975759886, 0.0, 3
685, 3503.418968406436, Server_02, 3.531593941666367, 1297.710147623816, 0.0, 4
686, 3507.327706704229, Server_02, 3.0417973963282776, 1261.2765614887487, 0.0, 3
687, 3513.9031383365436, Server_02, 3.531593941666367, 1177.8694438761477, 0.0, 4
688, 3518.4699250120907, Server_02, 3.0417973963282776, 1079.5336743881137, 0.0, 3
689, 3522.804438796835, Server_02, 3.0417973963282776, 1137.3824712132164, 0.0, 3
690, 3529.271479109362, Server_02, 3.531593941666367, 1197.611214050585, 0.0, 4
691, 3533.26051225658, Server_02, 3.0417973963282776, 1235.88845167615, 0.0, 3
692, 3537.3155406723085, Server_02, 3.0417973963282776, 1215.7744643361257, 0.0, 3
693, 3544.2700274057424, Server_02, 3.531593941666367, 1113.6695340528422, 0.0, 4
694, 3548.6087298740463, Server_02, 3.0417973963282776, 1136.2844159091012, 0.0, 3
695, 3552.407553375762, Server_02, 3.0417973963282776, 1297.7702169562754, 0.0, 3
696, 3558.208190149609, Server_02, 3.531593941666367, 1335.1982380484924, 0.0, 4
697, 3561.8512745597645, Server_02, 3.0417973963282776, 1353.248908056319, 0.0, 3
698, 3568.331857564927, Server_02, 3.531593941666367, 1195.1085255493945, 0.0, 4
699, 3572.690436237793, Server_02, 3.0417973963282776, 1131.1026759000551, 0.0, 3
700, 3579.241703136583, Server_02, 3.531593941666367, 1182.2140846422558, 0.0, 4
701, 3583.272995288238, Server_02, 3.0417973963282776, 1222.9329491727317, 0.0, 3
702, 3587.041290302729, Server_02, 3.0417973963282776, 1308.2839801664365, 0.0, 3
703, 3592.2546993340775, Server_02, 3.531593941666367, 1485.5922398240828, 0.0, 4
704, 3596.8722775358506, Server_02, 3.531593941666367, 1677.286157714888, 0.0, 4
705, 3603.884133370902, Server_02, 4.0211812311925765, 1734.9187271062654, 0.0, 5
706, 3608.3483194327578, Server_02, 3.531593941666367, 1734.9187271061771, 0.0, 4
707, 3612.8125054946136, Server_02, 3.531593941666367, 1734.9187271061771, 0.0, 4
708, 3619.824361329665, Server_02, 4.0211812311925765, 1734.9187271062654, 0.0, 5
709, 3624.2885473915208, Server_02, 3.531593941666367, 1734.9187271061771, 0.0, 4
710, 3628.7527334533765, Server_02, 3.531593941666367, 1734.9187271061771, 0.0, 4
711, 3633.2169195152323, Server_02, 3.531593941666367, 1734.9187271061771, 0.0, 4
712, 3637.681105577088, Server_02, 3.531593941666367, 1734.9187271061771, 0.0, 4
713, 3644.440527786657, Server_02, 4.0211812311925765, 1799.7100377571483, 0.0, 5
714, 3648.733014384595, Server_02, 3.531593941666367, 1804.3154761905273, 0.0, 4
715, 3653.0255009825332, Server_02, 3.531593941666367, 1804.3154761905273, 0.0, 4
716, 3659.767670054698, Server_02, 4.0211812311925765, 1804.315476190497, 0.0, 5
717, 3664.060156652636, Server_02, 3.531593941666367, 1804.3154761905273, 0.0, 4
718, 3668.352643250574, Server_02, 3.531593941666367, 1804.3154761905273, 0.0, 4
719, 3672.645129848512, Server_02, 3.531593941666367, 1804.3154761905273, 0.0, 4
