0, 183.36614365231898, Server_06, 2.5526430912103453, 2374.099310776919, 0.0, 2
1, 187.90200032872613, Server_0, 3.531593941666367, 1707.505451017648, 0.0, 4
2, 191.599415168745, Server_06, 3.531593941666367, 2094.706797888138, 0.0, 4
3, 196.51745610634512, Server_0, 3.531593941666367, 1574.8140567083926, 0.0, 4
4, 199.82396038198115, Server_06, 3.531593941666367, 2342.35293662525, 0.0, 4
5, 204.70055198142487, Server_0, 3.531593941666367, 1588.1994302913317, 0.0, 4
6, 208.12037964063646, Server_06, 3.531593941666367, 2264.7340076153237, 0.0, 4
7, 212.62782405681227, Server_0, 3.531593941666367, 1718.2685541735368, 0.0, 4
8, 216.3799343142609, Server_06, 3.531593941666367, 2064.17175098326, 0.0, 4
9, 221.51365953737414, Server_0, 3.531593941666367, 1508.6510600782058, 0.0, 4
10, 223.99976921411957, Server_06, 3.0417973963282776, 1983.0179038818085, 0.0, 3
11, 228.66960943658685, Server_0, 3.531593941666367, 1658.514987887095, 0.0, 4
12, 233.59113661126287, Server_0, 3.531593941666367, 1573.6985137158883, 0.0, 4
13, 238.65971807443245, Server_0, 3.531593941666367, 1528.0409432655647, 0.0, 4
14, 241.8105935044606, Server_0, 3.0417973963282776, 1564.6445279989866, 0.0, 3
15, 246.84323931447807, Server_0, 3.531593941666367, 1538.9519335105194, 0.0, 4
16, 250.14954949424927, Server_0, 3.0417973963282776, 1491.088171389037, 0.0, 3
17, 253.6838585078597, Server_06, 3.0417973963282776, 1394.8978374598394, 0.0, 3
18, 256.9517799547925, Server_0, 3.0417973963282776, 1508.6041938453395, 0.0, 3
19, 261.8107213312339, Server_0, 3.531593941666367, 1593.9686034393721, 0.0, 4
20, 269.5335765169273, Server_0, 4.0211812311925765, 1575.194627828268, 0.0, 5
21, 275.02374414367733, Server_0, 3.531593941666367, 1410.703739219849, 0.0, 4
22, 277.8163062332789, Server_0, 3.0417973963282776, 1765.4038985766588, 0.0, 3
23, 285.15355393269584, Server_0, 4.0211812311925765, 1657.9786451759983, 0.0, 5
24, 290.2368232091804, Server_0, 3.531593941666367, 1523.6257571143742, 0.0, 4
25, 293.3326179398036, Server_0, 3.0417973963282776, 1592.4828449486924, 0.0, 3
26, 301.4986402711481, Server_0, 4.0211812311925765, 1489.7093721267227, 0.0, 5
27, 304.4459928933702, Server_0, 3.0417973963282776, 1672.687537564839, 0.0, 3
28, 309.12521741967043, Server_0, 3.531593941666367, 1655.1887938841471, 0.0, 4
29, 314.3259266364127, Server_0, 3.531593941666367, 1489.2199654360754, 0.0, 4
30, 317.4260029967161, Server_0, 3.0417973963282776, 1590.283408218224, 0.0, 3
31, 325.16988232626034, Server_0, 4.0211812311925765, 1570.918073786144, 0.0, 5
32, 330.0493271462423, Server_0, 3.531593941666367, 1587.2707420080214, 0.0, 4
33, 335.2052359597176, Server_06, 3.531593941666367, 1502.1600032486992, 0.0, 4
34, 338.29633145770845, Server_06, 3.0417973963282776, 1594.90381426403, 0.0, 3
35, 346.10240316705125, Server_06, 4.0211812311925765, 1558.4022864458386, 0.0, 5
36, 350.7382886928244, Server_06, 3.531593941666367, 1670.6624779541517, 0.0, 4
37, 355.3741742185976, Server_06, 3.531593941666367, 1670.6624779541517, 0.0, 4
38, 360.0506039016921, Server_06, 3.531593941666367, 1656.1780086202298, 0.0, 4
39, 364.7304249778169, Server_06, 3.531593941666367, 1654.9778023593637, 0.0, 4
40, 369.59836947167395, Server_06, 3.531593941666367, 1591.0206062894788, 0.0, 4
41, 375.00771639137514, Server_06, 3.531593941666367, 1431.7809737423584, 0.0, 4
42, 378.44450562553544, Server_06, 3.0417973963282776, 1434.4784227667456, 0.0, 3
43, 381.6924954559938, Server_0, 3.0417973963282776, 1517.8618953077948, 0.0, 3
44, 387.198987254197, Server_0, 3.531593941666367, 1406.5216627630823, 0.0, 4
45, 392.13259974570553, Server_0, 3.531593941666367, 1569.8436010793841, 0.0, 4
46, 400.14803866761923, Server_0, 4.0211812311925765, 1517.6960511472012, 0.0, 5
47, 403.2738823448596, Server_0, 3.0417973963282776, 1577.1741996875608, 0.0, 3
48, 410.2247441799845, Server_0, 4.0211812311925765, 1750.1426856920705, 0.0, 5
49, 415.3995906349475, Server_0, 3.531593941666367, 1496.6627642781627, 0.0, 4
50, 418.819309728228, Server_0, 3.0417973963282776, 1441.6388789614634, 0.0, 3
51, 421.6694646689942, Server_0, 3.0417973963282776, 1729.7305242902778, 0.0, 3
52, 429.01218065139324, Server_0, 4.0211812311925765, 1656.7439118114137, 0.0, 5
53, 434.2737075913013, Server_0, 3.531593941666367, 1472.00614735147, 0.0, 4
54, 437.3470525208746, Server_0, 3.0417973963282776, 1604.1154224379209, 0.0, 3
55, 444.9414153291947, Server_0, 4.0211812311925765, 1601.8460412073744, 0.0, 5
56, 450.12550381026284, Server_0, 3.531593941666367, 1493.9945620689284, 0.0, 4
57, 453.33385615503454, Server_0, 3.0417973963282776, 1536.6142711955827, 0.0, 3
58, 457.67398516558603, Server_0, 3.531593941666367, 1784.5091657807322, 0.0, 4
59, 465.44743842440994, Server_0, 4.0211812311925765, 1564.9415510656222, 0.0, 5
60, 470.2057540406004, Server_0, 3.531593941666367, 1627.6768135445072, 0.0, 4
61, 475.20161628252504, Server_0, 3.531593941666367, 1550.2829391501207, 0.0, 4
62, 480.231929519303, Server_0, 3.531593941666367, 1539.665550720434, 0.0, 4
63, 484.15958872839275, Server_06, 3.0417973963282776, 1255.2005501369667, 0.0, 3
64, 487.1616132093396, Server_0, 3.0417973963282776, 1642.225115514412, 0.0, 3
65, 494.98854892351886, Server_0, 4.0211812311925765, 1554.2481047802492, 0.0, 5
66, 500.06821777216254, Server_0, 3.531593941666367, 1524.7056906215437, 0.0, 4
67, 503.50593015543046, Server_0, 3.0417973963282776, 1434.093213846324, 0.0, 3
68, 506.5502218858946, Server_0, 3.0417973963282776, 1619.424298488104, 0.0, 3
69, 514.3555022323308, Server_0, 4.0211812311925765, 1558.5602899650405, 0.0, 5
70, 519.8453827265081, Server_0, 3.531593941666367, 1410.7775220634576, 0.0, 4
71, 522.6516995814228, Server_0, 3.0417973963282776, 1756.7510209569082, 0.0, 3
72, 529.9041571310713, Server_0, 4.0211812311925765, 1677.3624549639142, 0.0, 5
73, 534.9560461009714, Server_0, 3.531593941666367, 1533.089908773891, 0.0, 4
74, 537.979001993482, Server_0, 3.0417973963282776, 1630.8540962222198, 0.0, 3
75, 546.0768630015453, Server_0, 4.0211812311925765, 1502.2485552526637, 0.0, 5
76, 549.1582258421855, Server_0, 3.0417973963282776, 1599.9414074117183, 0.0, 3
77, 554.0405179499415, Server_0, 3.531593941666367, 1586.34506683782, 0.0, 4
78, 559.1550803036479, Server_0, 3.531593941666367, 1514.3035638987735, 0.0, 4
79, 562.5330130556016, Server_0, 3.0417973963282776, 1459.472512337197, 0.0, 3
80, 566.7204684724526, Server_0, 3.531593941666367, 1849.5719306844198, 0.0, 4
81, 574.6911401112945, Server_0, 4.0211812311925765, 1526.220192125167, 0.0, 5
82, 578.3556112628387, Server_0, 3.0417973963282776, 1345.351019593258, 0.0, 3
83, 583.5446105321438, Server_06, 3.531593941666367, 1492.5806688419893, 0.0, 4
84, 587.1512968826593, Server_06, 3.0417973963282776, 1366.9056637806598, 0.0, 3
85, 592.4338250158467, Server_06, 3.531593941666367, 1466.1540468364349, 0.0, 4
86, 596.0582018708943, Server_06, 3.531593941666367, 2136.9190649183, 0.0, 4
87, 602.0450742372886, Server_06, 4.0211812311925765, 2031.9457732696815, 0.0, 5
88, 609.0569300723402, Server_06, 4.0211812311925765, 1734.9187271062372, 0.0, 5
89, 613.5211161341958, Server_06, 3.531593941666367, 1734.9187271062215, 0.0, 4
90, 618.5396063613645, Server_06, 3.531593941666367, 1543.2928329860747, 0.0, 4
91, 622.0103605148599, Server_06, 3.0417973963282776, 1420.4405676601675, 0.0, 3
92, 627.0666361404662, Server_06, 3.531593941666367, 1531.7598512188085, 0.0, 4
93, 632.0459205940745, Server_06, 3.531593941666367, 1555.4443760262825, 0.0, 4
94, 640.8852028929697, Server_06, 4.0211812311925765, 1376.2429560056516, 0.0, 5
95, 643.6021448057737, Server_06, 3.0417973963282776, 1814.5400815404155, 0.0, 3
96, 647.9897634575651, Server_06, 3.531593941666367, 1765.1944288362051, 0.0, 4
97, 655.2250343050732, Server_06, 4.0211812311925765, 1681.3468709591903, 0.0, 5
98, 659.35724076893, Server_06, 3.531593941666367, 1874.3013128079087, 0.0, 4
99, 663.7358933089639, Server_06, 3.531593941666367, 1768.8089952759626, 0.0, 4
100, 668.742252727229, Server_06, 3.531593941666367, 1547.0323548371878, 0.0, 4
101, 671.924442188184, Server_06, 3.0417973963282776, 1549.247793222371, 0.0, 3
102, 679.6287225703494, Server_06, 4.0211812311925765, 1578.9923778164548, 0.0, 5
103, 684.9355983517745, Server_06, 3.531593941666367, 1459.4274143571836, 0.0, 4
104, 687.667603382203, Server_06, 3.0417973963282776, 1804.535476725244, 0.0, 3
105, 694.144768611949, Server_06, 4.0211812311925765, 1878.136432915586, 0.0, 5
106, 698.6375364429741, Server_06, 3.531593941666367, 1723.8816451890286, 0.0, 4
107, 703.2734219687474, Server_06, 3.531593941666367, 1670.6624779541312, 0.0, 4
108, 710.7510680814356, Server_06, 4.0211812311925765, 1626.8488527904676, 0.0, 5
109, 715.9060057526981, Server_06, 3.531593941666367, 1502.4429961930473, 0.0, 4
110, 719.2649421707597, Server_06, 3.0417973963282776, 1467.7265022018596, 0.0, 3
111, 722.5977649775728, Server_0, 3.0417973963282776, 1479.2265553157963, 0.0, 3
112, 728.4643347818226, Server_06, 3.531593941666367, 1320.1922517634443, 0.0, 4
113, 732.0123550147559, Server_06, 3.0417973963282776, 1389.50729599534, 0.0, 3
114, 736.7658852324695, Server_06, 3.531593941666367, 1629.3154025063407, 0.0, 4
115, 744.7529721587068, Server_06, 4.0211812311925765, 1523.0834611350408, 0.0, 5
116, 747.9781012607561, Server_06, 3.0417973963282776, 1528.6209773330818, 0.0, 3
117, 752.7856862504469, Server_06, 3.531593941666367, 1610.9959608843337, 0.0, 4
118, 760.9954060911292, Server_06, 4.0211812311925765, 1481.7801625480324, 0.0, 5
119, 763.6623017358219, Server_06, 3.0417973963282776, 1848.591267457767, 0.0, 3
120, 767.9061058660358, Server_06, 3.531593941666367, 1825.0135402949486, 0.0, 4
121, 774.895536580824, Server_06, 4.0211812311925765, 1740.4850976290975, 0.0, 5
122, 779.3597226426797, Server_06, 3.531593941666367, 1734.9187271062215, 0.0, 4
123, 783.9470381070472, Server_06, 3.531593941666367, 1688.351293945259, 0.0, 4
124, 788.5429428149395, Server_06, 3.531593941666367, 1685.195949929074, 0.0, 4
125, 793.0194451390328, Server_06, 3.531593941666367, 1730.1454214186558, 0.0, 4
126, 800.5862485889573, Server_06, 4.0211812311925765, 1607.680188933843, 0.0, 5
127, 804.9358729163688, Server_06, 3.531593941666367, 1780.6135465977613, 0.0, 4
128, 808.9550212171355, Server_06, 3.531593941666367, 1927.0251855405718, 0.0, 4
129, 813.2493359662254, Server_06, 3.531593941666367, 1803.547353309703, 0.0, 4
130, 821.2005900145411, Server_06, 4.0211812311925765, 1529.9473424040405, 0.0, 5
131, 824.3701022619638, Server_06, 3.0417973963282776, 1555.4443760262968, 0.0, 3
132, 829.4078196526353, Server_06, 3.531593941666367, 1537.4026368254736, 0.0, 4
133, 832.2727466407576, Server_0, 3.0417973963282776, 1720.8117416043322, 0.0, 3
134, 840.6363889759417, Server_0, 4.0211812311925765, 1454.5098310606168, 0.0, 5
135, 843.9751611317972, Server_0, 3.0417973963282776, 1476.5907255317827, 0.0, 3
136, 847.3670547423484, Server_06, 3.0417973963282776, 1453.4653989925412, 0.0, 3
137, 852.2849888719393, Server_06, 3.531593941666367, 1574.8482586212042, 0.0, 4
138, 859.2057300759666, Server_06, 4.0211812311925765, 1757.759702518707, 0.0, 5
139, 864.0893887132875, Server_06, 3.531593941666367, 1585.901180891878, 0.0, 4
140, 869.0686731668957, Server_06, 3.531593941666367, 1555.4443760262825, 0.0, 4
141, 874.0519236940131, Server_06, 3.531593941666367, 1554.206427682877, 0.0, 4
142, 879.4751054198937, Server_06, 3.531593941666367, 1428.1284293017927, 0.0, 4
143, 882.972498244636, Server_06, 3.0417973963282776, 1409.6214657737999, 0.0, 3
144, 887.9668555571724, Server_06, 3.531593941666367, 1550.750079606672, 0.0, 4
145, 896.0977780690461, Server_06, 4.0211812311925765, 1496.1401959292214, 0.0, 5
146, 899.5951409553389, Server_06, 3.0417973963282776, 1409.6335325459138, 0.0, 3
147, 902.6860249129695, Server_06, 3.0417973963282776, 1595.0129696163858, 0.0, 3
148, 909.4281939851345, Server_06, 4.0211812311925765, 1804.3154761904668, 0.0, 5
149, 913.7206805830726, Server_06, 3.531593941666367, 1804.3154761904796, 0.0, 4
150, 918.0131671810108, Server_06, 3.531593941666367, 1804.3154761904796, 0.0, 4
151, 925.071514770612, Server_06, 4.0211812311925765, 1723.4912060610611, 0.0, 5
152, 930.2418191726272, Server_06, 3.531593941666367, 1497.9775653018246, 0.0, 4
153, 933.4113314200498, Server_06, 3.0417973963282776, 1555.4443760262968, 0.0, 3
154, 938.211725590546, Server_06, 3.531593941666367, 1613.4091753551459, 0.0, 4
155, 945.7795650972375, Server_06, 4.0211812311925765, 1607.4600933653132, 0.0, 5
156, 950.7588495508458, Server_06, 3.531593941666367, 1555.4443760262825, 0.0, 4
157, 955.8739229479874, Server_06, 3.531593941666367, 1514.1522708800333, 0.0, 4
158, 959.7179364892648, Server_06, 3.0417973963282776, 1282.513692280491, 0.0, 3
159, 963.1174326299425, Server_0, 3.0417973963282776, 1450.21491303038, 0.0, 3
160, 969.0766340195154, Server_0, 3.531593941666367, 1299.6707937328408, 0.0, 4
161, 972.2731161744657, Server_0, 3.0417973963282776, 1542.320513932794, 0.0, 3
162, 977.1002891139508, Server_0, 3.531593941666367, 1604.4587788947472, 0.0, 4
163, 985.7098100237806, Server_0, 4.0211812311925765, 1412.9706086329084, 0.0, 5
164, 988.7995463265443, Server_0, 3.0417973963282776, 1595.605422893313, 0.0, 3
165, 993.601585930152, Server_0, 3.531593941666367, 1612.8563359163352, 0.0, 4
166, 999.1478265216723, Server_0, 3.531593941666367, 1396.4414042624621, 0.0, 4
167, 1002.3298036005551, Server_0, 3.0417973963282776, 1549.3511982590705, 0.0, 3
168, 1009.728451588707, Server_0, 4.0211812311925765, 1644.2193248659632, 0.0, 5
169, 1015.6426485956963, Server_0, 3.531593941666367, 1309.5607046649088, 0.0, 4
170, 1019.0951440348997, Server_0, 3.0417973963282776, 1427.9526466622942, 0.0, 3
171, 1022.0971758948224, Server_0, 3.0417973963282776, 1642.2210789351764, 0.0, 3
172, 1031.1214238123937, Server_0, 4.0211812311925765, 1348.0347737691552, 0.0, 5
173, 1034.9135488120635, Server_0, 3.0417973963282776, 1300.062629905208, 0.0, 3
174, 1038.26972081399, Server_06, 3.0417973963282776, 1468.9354410828823, 0.0, 3
175, 1043.5431937183535, Server_06, 3.531593941666367, 1468.6716212368465, 0.0, 4
176, 1046.5020077247223, Server_06, 3.0417973963282776, 1666.2081460302115, 0.0, 3
177, 1053.8481364088718, Server_06, 4.0211812311925765, 1655.9742584210262, 0.0, 5
178, 1058.6317807248315, Server_06, 3.531593941666367, 1619.0585019375974, 0.0, 4
179, 1063.0342822352188, Server_06, 3.531593941666367, 1759.2271079808518, 0.0, 4
180, 1069.6528151361433, Server_06, 4.0211812311925765, 1838.0206281517108, 0.0, 5
181, 1073.6079320449169, Server_06, 3.531593941666367, 1958.2227728387527, 0.0, 4
182, 1077.55701971502, Server_06, 3.531593941666367, 1961.2124741200525, 0.0, 4
183, 1083.7745122447507, Server_06, 4.0211812311925765, 1956.576536574791, 0.0, 5
184, 1088.431940417002, Server_06, 3.531593941666367, 1662.9349318030065, 0.0, 4
185, 1093.3605648088146, Server_06, 3.531593941666367, 1571.432388490744, 0.0, 4
186, 1101.7466573886534, Server_06, 4.0211812311925765, 1450.6159912002663, 0.0, 5
187, 1104.8244581792296, Server_06, 3.0417973963282776, 1601.79307741258, 0.0, 3
188, 1109.3596369015527, Server_06, 3.531593941666367, 1707.7607023241592, 0.0, 4
189, 1114.3968055123148, Server_06, 3.531593941666367, 1537.570130857335, 0.0, 4
190, 1118.0319777098427, Server_0, 3.0417973963282776, 1356.1943512201703, 0.0, 3
191, 1123.5729291554899, Server_0, 3.531593941666367, 1397.7743851345851, 0.0, 4
192, 1126.8517349286858, Server_06, 3.0417973963282776, 1503.596230158707, 0.0, 3
193, 1131.8753228722944, Server_06, 3.531593941666367, 1541.7267671911197, 0.0, 4
194, 1136.7918207396215, Server_06, 3.531593941666367, 1575.308320882221, 0.0, 4
195, 1144.6472910435525, Server_06, 4.0211812311925765, 1548.6023788941545, 0.0, 5
196, 1147.2029426278618, Server_06, 3.0417973963282776, 1929.0579475967058, 0.0, 3
197, 1153.8537192453532, Server_06, 4.0211812311925765, 1829.1096964535477, 0.0, 5
198, 1158.7480659622202, Server_06, 3.531593941666367, 1582.4379530181425, 0.0, 4
199, 1164.1438958845238, Server_06, 3.531593941666367, 1435.3677027487663, 0.0, 4
200, 1167.4362826010579, Server_06, 3.0417973963282776, 1497.3939650655018, 0.0, 3
201, 1172.1768453095867, Server_06, 3.531593941666367, 1633.7722916450014, 0.0, 4
202, 1179.623706062706, Server_06, 4.0211812311925765, 1633.5742540780368, 0.0, 5
203, 1184.5054398078003, Server_06, 3.531593941666367, 1586.5265097227511, 0.0, 4
204, 1189.4847242614085, Server_06, 3.531593941666367, 1555.4443760262825, 0.0, 4
205, 1194.5317546226156, Server_06, 3.531593941666367, 1534.5657635686528, 0.0, 4
206, 1197.9247021709664, Server_06, 3.0417973963282776, 1453.013914817618, 0.0, 3
207, 1203.4110260712778, Server_06, 3.531593941666367, 1411.692080294496, 0.0, 4
208, 1206.663347316135, Server_06, 3.0417973963282776, 1515.8404194528862, 0.0, 3
209, 1212.260397489957, Server_06, 3.531593941666367, 1383.7646187672487, 0.0, 4
210, 1218.1335566375622, Server_06, 3.531593941666367, 1318.7110727551503, 0.0, 4
211, 1223.7149198649906, Server_06, 3.531593941666367, 1387.6538194000277, 0.0, 4
212, 1227.1301528983568, Server_06, 3.0417973963282776, 1443.5325355063383, 0.0, 3
213, 1232.5349960711762, Server_06, 3.531593941666367, 1432.9740479703419, 0.0, 4
214, 1238.039642687101, Server_06, 3.531593941666367, 1406.9931351440578, 0.0, 4
215, 1243.4631399596042, Server_06, 3.531593941666367, 1428.04533880133, 0.0, 4
216, 1246.8597188932865, Server_06, 3.0417973963282776, 1451.4604536674835, 0.0, 3
217, 1252.291695800503, Server_06, 3.531593941666367, 1425.81607622643, 0.0, 4
218, 1257.6143791819463, Server_06, 3.531593941666367, 1455.093125960058, 0.0, 4
219, 1262.9370625633896, Server_06, 3.531593941666367, 1455.093125960058, 0.0, 4
220, 1268.259745944833, Server_06, 3.531593941666367, 1455.093125960058, 0.0, 4
221, 1273.5824293262763, Server_06, 3.531593941666367, 1455.093125960058, 0.0, 4
222, 1277.0267308360405, Server_06, 3.0417973963282776, 1431.3497195364316, 0.0, 3
223, 1282.5773138163256, Server_06, 3.531593941666367, 1395.3489259613277, 0.0, 4
224, 1288.31384779008, Server_06, 3.531593941666367, 1350.1183877642318, 0.0, 4
225, 1294.3206900750436, Server_06, 3.531593941666367, 1289.3629685246472, 0.0, 4
226, 1298.0325523137774, Server_06, 3.0417973963282776, 1328.1742917489566, 0.0, 3
227, 1303.0353061507215, Server_06, 3.531593941666367, 1548.1473309370415, 0.0, 4
228, 1308.1862900682472, Server_06, 3.531593941666367, 1503.5962301587329, 0.0, 4
229, 1313.337273985773, Server_06, 3.531593941666367, 1503.5962301587329, 0.0, 4
230, 1318.4882579032987, Server_06, 3.531593941666367, 1503.5962301587329, 0.0, 4
231, 1321.7670636764947, Server_06, 3.0417973963282776, 1503.596230158707, 0.0, 3
232, 1326.936085561852, Server_06, 3.531593941666367, 1498.3492373943786, 0.0, 4
233, 1332.2587689432953, Server_06, 3.531593941666367, 1455.093125960058, 0.0, 4
234, 1337.5814523247386, Server_06, 3.531593941666367, 1455.093125960058, 0.0, 4
235, 1343.0129296521607, Server_06, 3.531593941666367, 1425.9472208228897, 0.0, 4
236, 1348.5073124975215, Server_06, 3.531593941666367, 1409.6214657738003, 0.0, 4
237, 1352.0047053222638, Server_06, 3.0417973963282776, 1409.6214657737999, 0.0, 3
238, 1357.6023610494508, Server_06, 3.531593941666367, 1383.6149233658111, 0.0, 4
239, 1363.4754376665974, Server_06, 3.531593941666367, 1318.7296037290398, 0.0, 4
240, 1367.6161426643055, Server_06, 3.0417973963282776, 1190.618506444864, 0.0, 3
241, 1374.1086242610795, Server_06, 3.531593941666367, 1192.918283179779, 0.0, 4
242, 1377.853876906987, Server_0, 3.0417973963282776, 1316.333093145864, 0.0, 3
243, 1384.0466852746886, Server_0, 3.531593941666367, 1250.6442215124428, 0.0, 4
244, 1387.2354758401314, Server_06, 3.0417973963282776, 1546.0407006427008, 0.0, 3
245, 1392.6850476878235, Server_06, 3.531593941666367, 1421.2125679708138, 0.0, 4
246, 1398.1676523535139, Server_06, 3.531593941666367, 1412.6497298752004, 0.0, 4
247, 1402.7939705146766, Server_06, 3.531593941666367, 1674.1174580291693, 0.0, 4
248, 1411.5612584709224, Server_06, 4.0211812311925765, 1387.5442509372199, 0.0, 5
249, 1414.9350041546209, Server_06, 3.0417973963282776, 1461.2838258145064, 0.0, 3
250, 1417.9811308476312, Server_06, 3.0417973963282776, 1618.4487701422158, 0.0, 3
251, 1426.301263045633, Server_06, 4.0211812311925765, 1462.1161912453215, 0.0, 5
252, 1429.7240175062423, Server_06, 3.0417973963282776, 1440.3604046790183, 0.0, 3
253, 1433.094837361829, Server_06, 3.0417973963282776, 1462.552201307708, 0.0, 3
254, 1438.4132500306139, Server_06, 3.531593941666367, 1456.261573205341, 0.0, 4
255, 1441.8683243447826, Server_06, 3.0417973963282776, 1426.886819708268, 0.0, 3
256, 1448.074644651375, Server_06, 3.531593941666367, 1247.92141194733, 0.0, 4
257, 1454.208086547188, Server_06, 3.531593941666367, 1262.7493879557217, 0.0, 4
258, 1457.260572943482, Server_06, 3.0417973963282776, 1615.0768127863128, 0.0, 3
259, 1464.988563197307, Server_06, 4.0211812311925765, 1574.1479479711813, 0.0, 5
260, 1470.9119184781737, Server_06, 3.531593941666367, 1307.53595432939, 0.0, 4
261, 1474.0767171330963, Server_06, 3.0417973963282776, 1557.7610260708864, 0.0, 3
262, 1479.1309991866813, Server_06, 3.531593941666367, 1532.3640267575688, 0.0, 4
263, 1482.600063737785, Server_06, 3.0417973963282776, 1421.1323909875236, 0.0, 3
264, 1488.5322414716804, Server_06, 3.531593941666367, 1305.591360782451, 0.0, 4
265, 1491.8820945869425, Server_06, 3.0417973963282776, 1471.7063197603459, 0.0, 3
266, 1496.4531240235365, Server_06, 3.531593941666367, 1694.3666864177937, 0.0, 4
267, 1504.374707653904, Server_06, 4.0211812311925765, 1535.6777845992087, 0.0, 5
268, 1507.5442199013266, Server_06, 3.0417973963282776, 1555.4443760262411, 0.0, 3
269, 1515.45580720717, Server_06, 4.0211812311925765, 1537.618120072463, 0.0, 5
270, 1518.843906506139, Server_06, 3.0417973963282776, 1455.0931259600454, 0.0, 3
271, 1522.0397442978276, Server_06, 3.0417973963282776, 1542.6314854970278, 0.0, 3
272, 1527.0691223216934, Server_06, 3.531593941666367, 1539.9518515506006, 0.0, 4
273, 1532.2201062392191, Server_06, 3.531593941666367, 1503.5962301587329, 0.0, 4
274, 1537.011588668567, Server_06, 3.531593941666367, 1616.4099762866708, 0.0, 4
275, 1544.293131266505, Server_06, 4.0211812311925765, 1670.6624779541453, 0.0, 5
276, 1548.9290167922782, Server_06, 3.531593941666367, 1670.6624779541721, 0.0, 4
277, 1553.5649023180513, Server_06, 3.531593941666367, 1670.6624779541721, 0.0, 4
278, 1559.1708338147039, Server_06, 3.531593941666367, 1381.5723586035028, 0.0, 4
279, 1562.7703307259474, Server_06, 3.0417973963282776, 1369.635846776401, 0.0, 3
280, 1567.3371595430715, Server_06, 3.531593941666367, 1695.925183566932, 0.0, 4
281, 1575.1639912341018, Server_06, 4.0211812311925765, 1554.2687616422538, 0.0, 5
282, 1580.433976967599, Server_06, 3.531593941666367, 1469.6434471864186, 0.0, 4
283, 1583.2893430519168, Server_06, 3.0417973963282776, 1726.573705233915, 0.0, 3
284, 1590.9069215836464, Server_06, 4.0211812311925765, 1596.9641729755724, 0.0, 5
285, 1596.5182784670644, Server_06, 3.531593941666367, 1380.236573953631, 0.0, 4
286, 1599.3951131245924, Server_06, 3.0417973963282776, 1713.689032179651, 0.0, 3
287, 1603.782988711872, Server_06, 3.531593941666367, 1765.091066495333, 0.0, 4
288, 1608.8270461104578, Server_06, 3.531593941666367, 1535.4702351664994, 0.0, 4
289, 1612.5225115530413, Server_06, 3.0417973963282776, 1334.0674068253131, 0.0, 3
290, 1618.3480358959278, Server_06, 3.531593941666367, 1329.4940582400063, 0.0, 4
291, 1622.5873839132007, Server_06, 3.531593941666367, 1826.931869816651, 0.0, 4
292, 1630.5158088353244, Server_06, 4.0211812311925765, 1534.352676539131, 0.0, 5
293, 1633.9375502538244, Server_06, 3.0417973963282776, 1440.786838346532, 0.0, 3
294, 1636.8918604194616, Server_06, 3.0417973963282776, 1668.7482774634752, 0.0, 3
295, 1643.817816469164, Server_06, 4.0211812311925765, 1756.436210784622, 0.0, 5
296, 1648.3744279222558, Server_06, 3.531593941666367, 1699.7279842117655, 0.0, 4
297, 1653.1459023845573, Server_06, 3.531593941666367, 1623.1879812397053, 0.0, 4
298, 1662.0165151027948, Server_06, 4.0211812311925765, 1371.3821566112883, 0.0, 5
299, 1665.8036340712829, Server_06, 3.0417973963282776, 1301.7811272953286, 0.0, 3
300, 1669.151899959191, Server_06, 3.0417973963282776, 1472.403974189768, 0.0, 3
301, 1672.8547267966148, Server_0, 3.0417973963282776, 1331.4152177394265, 0.0, 3
302, 1678.9465784818076, Server_0, 3.531593941666367, 1271.3704141592118, 0.0, 4
303, 1683.040057800157, Server_0, 3.0417973963282776, 1204.3544419293405, 0.0, 3
304, 1688.6718519929336, Server_0, 3.531593941666367, 1375.227811047106, 0.0, 4
305, 1692.3584529409445, Server_0, 3.0417973963282776, 1337.2751945555663, 0.0, 3
306, 1698.1805626572402, Server_0, 3.531593941666367, 1330.2737971979914, 0.0, 4
307, 1703.9560278051151, Server_0, 3.531593941666367, 1341.017528752603, 0.0, 4
308, 1707.5711552016219, Server_0, 3.0417973963282776, 1363.7140435946444, 0.0, 3
309, 1713.1285343683603, Server_0, 3.531593941666367, 1393.6425368192872, 0.0, 4
310, 1719.1353574427596, Server_0, 3.531593941666367, 1289.3670920671286, 0.0, 4
311, 1722.8863685299982, Server_0, 3.0417973963282776, 1314.312297495603, 0.0, 3
312, 1728.7182813338463, Server_0, 3.531593941666367, 1328.0376885761293, 0.0, 4
313, 1732.6253989621048, Server_0, 3.0417973963282776, 1261.7997380840286, 0.0, 3
314, 1738.5602622745002, Server_0, 3.531593941666367, 1305.0005690651565, 0.0, 4
315, 1742.54918365065, Server_06, 3.0417973963282776, 1235.9230817325592, 0.0, 3
316, 1748.9850457034192, Server_06, 3.531593941666367, 1203.4129905981383, 0.0, 4
317, 1752.91970120015, Server_0, 3.0417973963282776, 1252.9686535698552, 0.0, 3
318, 1758.7307702482658, Server_0, 3.531593941666367, 1332.8012343118355, 0.0, 4
319, 1763.15023199121, Server_06, 3.0417973963282776, 1115.5204608052045, 0.0, 3
320, 1768.402093850516, Server_06, 3.531593941666367, 1474.7151024690938, 0.0, 4
321, 1772.3004694891597, Server_0, 3.0417973963282776, 1264.6292858825543, 0.0, 3
322, 1778.2869146875232, Server_0, 3.531593941666367, 1293.7561012196684, 0.0, 4
323, 1783.7082590313432, Server_0, 3.531593941666367, 1428.6124453298767, 0.0, 4
324, 1787.454487904958, Server_0, 3.0417973963282776, 1315.9900706341923, 0.0, 3
325, 1793.8085380312777, Server_0, 3.531593941666367, 1218.9076016127917, 0.0, 4
326, 1797.5090818175463, Server_0, 3.0417973963282776, 1332.236634597741, 0.0, 3
327, 1802.7717588443963, Server_0, 3.531593941666367, 1471.6844603013276, 0.0, 4
328, 1808.856905939482, Server_0, 3.531593941666367, 1272.7712048661679, 0.0, 4
329, 1812.7903254135488, Server_0, 3.0417973963282776, 1253.362381638598, 0.0, 3
330, 1818.468862545961, Server_0, 3.531593941666367, 1363.9076084917629, 0.0, 4
331, 1822.1837677162853, Server_0, 3.0417973963282776, 1327.0863653215745, 0.0, 3
332, 1827.988524899981, Server_0, 3.531593941666367, 1334.250469899748, 0.0, 4
333, 1833.8908305656569, Server_0, 3.531593941666367, 1312.1990690926311, 0.0, 4
334, 1837.7015367881725, Server_0, 3.0417973963282776, 1293.7234497036407, 0.0, 3
335, 1843.6459641698768, Server_0, 3.531593941666367, 1302.9009360661703, 0.0, 4
336, 1847.2784970324199, Server_0, 3.0417973963282776, 1357.1797383681894, 0.0, 3
337, 1853.0983748930685, Server_0, 3.531593941666367, 1330.7839417676112, 0.0, 4
338, 1858.9683565965768, Server_0, 3.531593941666367, 1319.424896226007, 0.0, 4
339, 1862.8101435749988, Server_0, 3.0417973963282776, 1283.2569915224396, 0.0, 3
340, 1869.0257989426107, Server_0, 3.531593941666367, 1246.0472053127664, 0.0, 4
341, 1873.2991800931834, Server_06, 3.0417973963282776, 1153.6532376334524, 0.0, 3
342, 1878.8058310584179, Server_06, 3.531593941666367, 1406.4810079478502, 0.0, 4
343, 1883.1032977532363, Server_0, 3.0417973963282776, 1147.1874827893812, 0.0, 3
344, 1889.0768183696916, Server_0, 3.531593941666367, 1296.5553309826716, 0.0, 4
345, 1892.5201150478547, Server_0, 3.0417973963282776, 1431.7674196549578, 0.0, 3
346, 1898.9155569419047, Server_0, 3.531593941666367, 1211.01874245868, 0.0, 4
347, 1902.9818313395563, Server_0, 3.0417973963282776, 1212.4120307393093, 0.0, 3
348, 1908.0365577811074, Server_0, 3.531593941666367, 1532.2293084615164, 0.0, 4
349, 1913.4860016347152, Server_0, 3.531593941666367, 1421.2459487718922, 0.0, 4
350, 1918.0053223619666, Server_0, 3.0417973963282776, 1090.8719025565538, 0.0, 3
351, 1923.7827576888212, Server_0, 3.531593941666367, 1340.5602247072766, 0.0, 4
352, 1926.8418508098775, Server_0, 3.0417973963282776, 1611.5887306816096, 0.0, 3
353, 1936.340180663357, Server_0, 4.0211812311925765, 1280.751478171056, 0.0, 5
354, 1940.1905546025314, Server_0, 3.0417973963282776, 1280.3951195080592, 0.0, 3
355, 1944.3531575928635, Server_06, 3.0417973963282776, 1184.3550805710447, 0.0, 3
356, 1947.4138862987443, Server_0, 3.0417973963282776, 1610.7275337822662, 0.0, 3
357, 1956.8053690774768, Server_0, 4.0211812311925765, 1295.3226116272294, 0.0, 5
358, 1960.6890182787697, Server_0, 3.0417973963282776, 1269.4246427712324, 0.0, 3
359, 1963.9045390137571, Server_0, 3.0417973963282776, 1533.1886827404596, 0.0, 3
360, 1968.271137873429, Server_06, 3.0417973963282776, 1129.0251654511624, 0.0, 3
361, 1974.4154738625737, Server_06, 3.531593941666367, 1260.5104951427443, 0.0, 4
362, 1978.124289140022, Server_06, 3.0417973963282776, 1329.265447642299, 0.0, 3
363, 1984.338739806775, Server_06, 3.531593941666367, 1246.2887574979636, 0.0, 4
364, 1988.55728950463, Server_06, 3.0417973963282776, 1168.6480788662402, 0.0, 3
365, 1992.846390843006, Server_06, 3.0417973963282776, 1149.4249286883678, 0.0, 3
366, 1998.3694328487668, Server_06, 3.531593941666367, 1402.3069156312101, 0.0, 4
367, 2001.795360587228, Server_06, 3.0417973963282776, 1439.0262656895018, 0.0, 3
368, 2007.8470279443152, Server_06, 3.531593941666367, 1279.8125777567411, 0.0, 4
369, 2014.5020941464259, Server_06, 3.531593941666367, 1163.775049682248, 0.0, 4
370, 2018.4056361292853, Server_06, 3.0417973963282776, 1262.9555469488355, 0.0, 3
371, 2021.9309282629133, Server_06, 3.0417973963282776, 1398.4656627382444, 0.0, 3
372, 2027.1651035948055, Server_06, 3.531593941666367, 1479.6982349462398, 0.0, 4
373, 2032.2107373847437, Server_06, 3.531593941666367, 1534.9905130738623, 0.0, 4
374, 2037.6486356446774, Server_06, 3.531593941666367, 1424.2634984668514, 0.0, 4
375, 2043.1092150061907, Server_06, 3.531593941666367, 1418.3476673899377, 0.0, 4
376, 2048.5391606865674, Server_06, 3.531593941666367, 1426.3494436030321, 0.0, 4
377, 2052.255140562856, Server_06, 3.0417973963282776, 1326.7025560224101, 0.0, 3
378, 2058.153888502667, Server_06, 3.531593941666367, 1312.9904988359374, 0.0, 4
379, 2063.868020384985, Server_06, 3.531593941666367, 1355.4114884829025, 0.0, 4
380, 2067.5340630104306, Server_06, 3.0417973963282776, 1344.7743258033277, 0.0, 3
381, 2073.278933649454, Server_06, 3.531593941666367, 1348.1591643492286, 0.0, 4
382, 2079.2394229887414, Server_06, 3.531593941666367, 1299.3899593025374, 0.0, 4
383, 2083.0566669549207, Server_06, 3.0417973963282776, 1291.5077065232394, 0.0, 3
384, 2089.1424523948117, Server_06, 3.531593941666367, 1272.6377024785081, 0.0, 4
385, 2093.143354767124, Server_06, 3.0417973963282776, 1232.2220192417954, 0.0, 3
386, 2099.0509045680874, Server_06, 3.531593941666367, 1311.0342292395085, 0.0, 4
387, 2102.823714565074, Server_06, 3.0417973963282776, 1306.7183356536455, 0.0, 3
388, 2108.8889739382116, Server_06, 3.531593941666367, 1276.9445663448437, 0.0, 4
389, 2112.7644235666357, Server_06, 3.0417973963282776, 1272.1104575431398, 0.0, 3
390, 2118.5422318740893, Server_06, 3.531593941666367, 1340.4736861914662, 0.0, 4
391, 2122.4592050245014, Server_06, 3.0417973963282776, 1258.6249153842973, 0.0, 3
392, 2129.0342854875494, Server_06, 3.531593941666367, 1177.9323528475497, 0.0, 4
393, 2132.4051637002212, Server_06, 3.0417973963282776, 1462.526881412402, 0.0, 3
394, 2137.212748689912, Server_06, 3.531593941666367, 1610.9959608842958, 0.0, 4
395, 2146.1402108203333, Server_06, 4.0211812311925765, 1362.6492974466491, 0.0, 5
396, 2149.5854634185735, Server_06, 3.0417973963282776, 1430.9545844383929, 0.0, 3
397, 2153.0009172531136, Server_06, 3.0417973963282776, 1443.4392144737608, 0.0, 3
398, 2157.9939293235216, Server_06, 3.531593941666367, 1551.1678904007028, 0.0, 4
399, 2166.7068538866292, Server_06, 4.0211812311925765, 1396.201690016822, 0.0, 5
400, 2170.2042467113715, Server_06, 3.0417973963282776, 1409.6214657737999, 0.0, 3
401, 2173.6476203630373, Server_06, 3.0417973963282776, 1431.7354137896375, 0.0, 3
402, 2177.5963051403587, Server_0, 3.0417973963282776, 1248.5169817339122, 0.0, 3
403, 2183.059539812395, Server_0, 3.531593941666367, 1417.658304089125, 0.0, 4
404, 2188.9655554514848, Server_0, 3.531593941666367, 1311.374786876416, 0.0, 4
405, 2192.9274911652547, Server_0, 3.0417973963282776, 1244.3412402845302, 0.0, 3
406, 2199.1350683429655, Server_0, 3.531593941666367, 1247.6687406818687, 0.0, 4
407, 2202.8853064193836, Server_0, 3.0417973963282776, 1314.5832076636334, 0.0, 3
408, 2209.061664920571, Server_0, 3.531593941666367, 1253.9751373744336, 0.0, 4
409, 2213.152640341776, Server_0, 3.0417973963282776, 1205.0915716691238, 0.0, 3
410, 2219.0255054683976, Server_0, 3.531593941666367, 1318.777093124817, 0.0, 4
411, 2222.3467893918396, Server_0, 3.0417973963282776, 1484.3657192941148, 0.0, 3
412, 2228.46003746709, Server_0, 3.531593941666367, 1266.9206131771184, 0.0, 4
413, 2232.531321848633, Server_0, 3.0417973963282776, 1210.920077789158, 0.0, 3
414, 2238.348646025163, Server_0, 3.531593941666367, 1331.3681281932725, 0.0, 4
415, 2244.070378542155, Server_0, 3.531593941666367, 1353.6109870566522, 0.0, 4
416, 2248.110181089654, Server_0, 3.0417973963282776, 1220.3566738806078, 0.0, 3
417, 2254.4411558791858, Server_0, 3.531593941666367, 1223.350314521264, 0.0, 4
418, 2258.1333864520607, Server_0, 3.0417973963282776, 1335.2362217620994, 0.0, 3
419, 2264.1905090451132, Server_0, 3.531593941666367, 1278.6599381170558, 0.0, 4
420, 2268.2346064273756, Server_0, 3.0417973963282776, 1219.0606540839499, 0.0, 3
421, 2274.754013618191, Server_0, 3.531593941666367, 1187.9914497304642, 0.0, 4
422, 2278.4066089387347, Server_0, 3.0417973963282776, 1349.7252138148606, 0.0, 3
423, 2282.3257466342075, Server_06, 3.0417973963282776, 1257.9297751377785, 0.0, 3
424, 2287.93521658444, Server_06, 3.531593941666367, 1380.7008627756763, 0.0, 4
425, 2293.60523122754, Server_06, 3.531593941666367, 1365.9576716304705, 0.0, 4
426, 2297.479597100616, Server_06, 3.0417973963282776, 1272.466298100541, 0.0, 3
427, 2303.8587348810147, Server_06, 3.531593941666367, 1214.1139236400052, 0.0, 4
428, 2307.3706883882687, Server_06, 3.0417973963282776, 1403.7771256985527, 0.0, 3
429, 2313.397060474696, Server_06, 3.531593941666367, 1285.1845005461012, 0.0, 4
430, 2317.791321469258, Server_06, 3.0417973963282776, 1121.9178847366913, 0.0, 3
431, 2323.6824300444405, Server_06, 3.531593941666367, 1314.6931347738985, 0.0, 4
432, 2327.7671701096087, Server_0, 3.0417973963282776, 1206.9311440499016, 0.0, 3
433, 2333.5091078646838, Server_0, 3.531593941666367, 1348.8477810743557, 0.0, 4
434, 2337.3056295967035, Server_0, 3.0417973963282776, 1298.557034040006, 0.0, 3
435, 2343.584651661135, Server_0, 3.531593941666367, 1233.4723338324864, 0.0, 4
436, 2347.6288576870843, Server_0, 3.0417973963282776, 1219.0279051974862, 0.0, 3
437, 2353.765625710336, Server_0, 3.531593941666367, 1262.064977958276, 0.0, 4
438, 2357.733292611149, Server_0, 3.0417973963282776, 1242.5438231696446, 0.0, 3
439, 2363.929893418628, Server_0, 3.531593941666367, 1249.878803012765, 0.0, 4
440, 2367.8231620121996, Server_0, 3.0417973963282776, 1266.288179587791, 0.0, 3
441, 2374.09951262288, Server_0, 3.531593941666367, 1233.9973466142133, 0.0, 4
442, 2378.079524336033, Server_0, 3.0417973963282776, 1238.6898218684637, 0.0, 3
443, 2383.9192934104567, Server_0, 3.531593941666367, 1326.2510728242069, 0.0, 4
444, 2388.057803703695, Server_06, 3.0417973963282776, 1191.2499065316, 0.0, 3
445, 2394.1426873333976, Server_06, 3.531593941666367, 1272.8263137512713, 0.0, 4
446, 2397.561006167952, Server_06, 3.0417973963282776, 1442.229422885988, 0.0, 3
447, 2402.9701167645026, Server_06, 3.531593941666367, 1431.8435280172198, 0.0, 4
448, 2408.7248480564444, Server_06, 3.531593941666367, 1345.8491121635884, 0.0, 4
449, 2412.440827932733, Server_06, 3.0417973963282776, 1326.7025560224101, 0.0, 3
450, 2417.6707182861846, Server_06, 3.531593941666367, 1480.9105882857718, 0.0, 4
451, 2422.596822852821, Server_06, 3.531593941666367, 1572.2362152958974, 0.0, 4
452, 2431.901025279235, Server_06, 4.0211812311925765, 1307.4737030080332, 0.0, 5
453, 2434.4698331666127, Server_06, 3.0417973963282776, 1919.1781620666973, 0.0, 3
454, 2439.462800500344, Server_06, 3.531593941666367, 1551.1817887684413, 0.0, 4
455, 2445.5217197689226, Server_06, 3.531593941666367, 1278.280771979524, 0.0, 4
456, 2449.1049840225032, Server_06, 3.0417973963282776, 1375.8404770381126, 0.0, 3
457, 2452.902485573441, Server_0, 3.0417973963282776, 1298.2219846052553, 0.0, 3
458, 2458.1885009050275, Server_0, 3.531593941666367, 1465.1868211051078, 0.0, 4
459, 2464.7468736720534, Server_0, 3.531593941666367, 1180.9331788732932, 0.0, 4
460, 2468.7861897400135, Server_0, 3.0417973963282776, 1220.5036488986052, 0.0, 3
461, 2473.256492483047, Server_06, 3.0417973963282776, 1102.8335849697587, 0.0, 3
462, 2479.4677872439825, Server_06, 3.531593941666367, 1246.9219861711679, 0.0, 4
463, 2482.780781985042, Server_06, 3.0417973963282776, 1488.0796334809738, 0.0, 3
464, 2487.9998810826423, Server_06, 3.531593941666367, 1483.9725889781942, 0.0, 4
465, 2494.11366890257, Server_06, 3.531593941666367, 1266.8087653868474, 0.0, 4
466, 2498.485409933498, Server_06, 3.0417973963282776, 1127.6971726190693, 0.0, 3
467, 2502.799925426826, Server_06, 3.0417973963282776, 1142.6543739670478, 0.0, 3
468, 2508.856735210934, Server_06, 3.531593941666367, 1278.725975565839, 0.0, 4
469, 2512.851774701233, Server_06, 3.0417973963282776, 1234.0303548867014, 0.0, 3
470, 2519.0594959257282, Server_06, 3.531593941666367, 1247.6397892093855, 0.0, 4
471, 2522.567449063673, Server_06, 3.0417973963282776, 1405.3779529359615, 0.0, 3
472, 2528.134592310847, Server_06, 3.531593941666367, 1391.1982602444198, 0.0, 4
473, 2534.7814582894803, Server_06, 3.531593941666367, 1165.2107963206608, 0.0, 4
474, 2538.9698860631524, Server_06, 3.0417973963282776, 1177.0526475326224, 0.0, 3
475, 2542.786984283193, Server_06, 3.0417973963282776, 1291.557019443899, 0.0, 3
476, 2549.012424869437, Server_06, 3.531593941666367, 1244.0886540807392, 0.0, 4
477, 2553.3557730246707, Server_06, 3.0417973963282776, 1135.0690351772234, 0.0, 3
478, 2558.1369046152786, Server_06, 3.531593941666367, 1619.909398690139, 0.0, 4
479, 2566.5005264591027, Server_06, 4.0211812311925765, 1454.5133946942924, 0.0, 5
480, 2570.355747811403, Server_06, 3.0417973963282776, 1278.78519791306, 0.0, 3
481, 2574.3373564376757, Server_06, 3.0417973963282776, 1238.1930176334745, 0.0, 3
482, 2578.6460284730338, Server_0, 3.0417973963282776, 1144.2040516296286, 0.0, 3
483, 2582.991238144209, Server_0, 3.0417973963282776, 1134.5827642573795, 0.0, 3
484, 2589.6269701391307, Server_0, 3.531593941666367, 1167.1658840241544, 0.0, 4
485, 2593.336159064651, Server_0, 3.0417973963282776, 1329.1315430390212, 0.0, 3
486, 2599.0559326244584, Server_0, 3.531593941666367, 1354.0745833757703, 0.0, 4
487, 2603.8628423856962, Server_0, 3.0417973963282776, 1025.6069376951289, 0.0, 3
488, 2607.8925220065025, Server_0, 3.0417973963282776, 1223.4223223466993, 0.0, 3
489, 2613.2718126607697, Server_0, 3.531593941666367, 1439.7809112352456, 0.0, 4
490, 2619.455796276494, Server_0, 3.531593941666367, 1252.4289327524398, 0.0, 4
491, 2624.234757854799, Server_0, 3.0417973963282776, 1031.6048621065056, 0.0, 3
492, 2628.0949519383307, Server_0, 3.0417973963282776, 1277.1378571436471, 0.0, 3
493, 2633.5259950802542, Server_0, 3.531593941666367, 1426.06121837157, 0.0, 4
494, 2637.503816270569, Server_0, 3.0417973963282776, 1239.37194864451, 0.0, 3
495, 2644.658746137451, Server_0, 3.531593941666367, 1082.4704286549756, 0.0, 4
496, 2648.418734846865, Server_0, 3.0417973963282776, 1311.1741499799741, 0.0, 3
497, 2652.654406919289, Server_06, 3.0417973963282776, 1163.923909996741, 0.0, 3
498, 2658.6955244904007, Server_06, 3.531593941666367, 1282.0475530945519, 0.0, 4
499, 2662.666040996896, Server_06, 3.0417973963282776, 1241.6520601123902, 0.0, 3
500, 2669.7179428223544, Server_06, 3.531593941666367, 1098.285284125656, 0.0, 4
501, 2673.81563163373, Server_06, 3.0417973963282776, 1203.117227036352, 0.0, 3
502, 2678.247784889251, Server_0, 3.0417973963282776, 1112.3261574628407, 0.0, 3
503, 2684.268316693259, Server_0, 3.531593941666367, 1286.4312077620784, 0.0, 4
504, 2687.7740462847646, Server_0, 3.0417973963282776, 1406.2693289137806, 0.0, 3
505, 2694.5562138616174, Server_0, 3.531593941666367, 1141.9652953479551, 0.0, 4
506, 2699.1180469804412, Server_0, 3.0417973963282776, 1080.705907381165, 0.0, 3
507, 2702.707202559666, Server_0, 3.0417973963282776, 1373.5821396366275, 0.0, 3
508, 2708.6992395457655, Server_0, 3.531593941666367, 1292.5487639623705, 0.0, 4
509, 2712.829001186061, Server_0, 3.0417973963282776, 1193.7734981836495, 0.0, 3
510, 2719.514971781783, Server_0, 3.531593941666367, 1158.3957615600902, 0.0, 4
511, 2723.1848264140895, Server_0, 3.0417973963282776, 1343.3774614940644, 0.0, 3
512, 2729.369332991935, Server_0, 3.531593941666367, 1252.3230273122103, 0.0, 4
513, 2733.6038951405462, Server_0, 3.0417973963282776, 1164.228986842719, 0.0, 3
514, 2737.6388668010754, Server_06, 3.0417973963282776, 1221.8177510950359, 0.0, 3
515, 2743.738419655722, Server_06, 3.531593941666367, 1269.7652081332774, 0.0, 4
516, 2747.672986583557, Server_06, 3.0417973963282776, 1252.996858465618, 0.0, 3
517, 2753.70203137966, Server_06, 3.531593941666367, 1284.6147709842385, 0.0, 4
518, 2757.373850611887, Server_06, 3.0417973963282776, 1342.6586899295855, 0.0, 3
519, 2763.0853931011075, Server_06, 3.531593941666367, 1356.025979779968, 0.0, 4
520, 2768.579775946468, Server_06, 3.531593941666367, 1409.6214657738587, 0.0, 4
521, 2772.131218464727, Server_06, 3.0417973963282776, 1388.168321647681, 0.0, 3
522, 2777.8580818465693, Server_06, 3.531593941666367, 1352.3982472773284, 0.0, 4
523, 2783.8373605034244, Server_06, 3.531593941666367, 1295.3067492716027, 0.0, 4
524, 2787.6144916624366, Server_06, 3.0417973963282776, 1305.2234069862811, 0.0, 3
525, 2794.0266218631787, Server_06, 3.531593941666367, 1207.8669268293627, 0.0, 4
526, 2797.9095092296766, Server_06, 3.0417973963282776, 1269.6737079052828, 0.0, 3
527, 2803.9171778168575, Server_06, 3.531593941666367, 1289.1856279366368, 0.0, 4
528, 2808.0885516644876, Server_06, 3.0417973963282776, 1181.864819620737, 0.0, 3
529, 2814.8651167702433, Server_06, 3.531593941666367, 1142.909406038429, 0.0, 4
530, 2818.775804511423, Server_06, 3.0417973963282776, 1260.6478262345167, 0.0, 3
531, 2822.941377365806, Server_0, 3.0417973963282776, 1183.5106892470549, 0.0, 3
532, 2829.8668973194126, Server_0, 3.531593941666367, 1118.327584337809, 0.0, 4
533, 2833.3409118364125, Server_0, 3.0417973963282776, 1419.1074838275238, 0.0, 3
534, 2839.193014700918, Server_0, 3.531593941666367, 1323.4558891600227, 0.0, 4
535, 2843.7979796730083, Server_0, 3.0417973963282776, 1070.5836048438232, 0.0, 3
536, 2847.2361541833293, Server_06, 3.0417973963282776, 1433.9004565360792, 0.0, 3
537, 2853.402343658286, Server_06, 3.531593941666367, 1256.0431416282825, 0.0, 4
538, 2857.7454353327403, Server_06, 3.0417973963282776, 1135.1360665486272, 0.0, 3
539, 2863.959575500506, Server_06, 3.531593941666367, 1246.3510302157354, 0.0, 4
540, 2867.479679917194, Server_06, 3.0417973963282776, 1400.5266368316097, 0.0, 3
541, 2873.5226693154036, Server_06, 3.531593941666367, 1281.6504365032847, 0.0, 4
542, 2877.6092680606366, Server_06, 3.0417973963282776, 1206.3822037215712, 0.0, 3
543, 2884.2523972231675, Server_06, 3.531593941666367, 1165.866237207012, 0.0, 4
544, 2887.826136923065, Server_06, 3.0417973963282776, 1379.5072987944302, 0.0, 3
545, 2893.2581138302817, Server_06, 3.531593941666367, 1425.8160762263701, 0.0, 4
546, 2898.567580391735, Server_06, 3.531593941666367, 1458.715279653203, 0.0, 4
547, 2902.4654155665958, Server_06, 3.0417973963282776, 1264.8046361212146, 0.0, 3
548, 2909.364019914094, Server_06, 3.531593941666367, 1122.690853086622, 0.0, 4
549, 2913.551933227682, Server_06, 3.0417973963282776, 1177.1972414052034, 0.0, 3
550, 2917.068727596659, Server_06, 3.0417973963282776, 1401.8448287707427, 0.0, 3
551, 2922.8417922193953, Server_06, 3.531593941666367, 1341.5751435550083, 0.0, 4
552, 2929.406908508916, Server_06, 3.531593941666367, 1179.7201539845973, 0.0, 4
553, 2933.637022326626, Server_06, 3.0417973963282776, 1165.4532744154303, 0.0, 3
554, 2938.1506090777602, Server_0, 3.0417973963282776, 1092.2577258010858, 0.0, 3
555, 2944.4346806540607, Server_0, 3.531593941666367, 1232.4811877078632, 0.0, 4
556, 2948.311365581387, Server_0, 3.0417973963282776, 1271.7051017608535, 0.0, 3
557, 2954.6176290485982, Server_0, 3.531593941666367, 1228.1440571376447, 0.0, 4
558, 2958.8842063542415, Server_0, 3.0417973963282776, 1155.4929506326328, 0.0, 3
559, 2963.2755077697884, Server_06, 3.0417973963282776, 1122.6740169886596, 0.0, 3
560, 2969.8529728570375, Server_06, 3.531593941666367, 1177.5052998782653, 0.0, 4
561, 2973.8034826671806, Server_06, 3.0417973963282776, 1247.9401993489585, 0.0, 3
562, 2977.8413319835663, Server_0, 3.0417973963282776, 1220.946997698471, 0.0, 3
563, 2983.250517010576, Server_0, 3.531593941666367, 1431.8238258308545, 0.0, 4
564, 2989.5350259160346, Server_0, 3.531593941666367, 1232.3954212671902, 0.0, 4
565, 2994.174237871049, Server_0, 3.0417973963282776, 1062.680482764118, 0.0, 3
566, 2998.3517552591993, Server_0, 3.0417973963282776, 1180.1267456083706, 0.0, 3
567, 3004.2211032309237, Server_0, 3.531593941666367, 1319.567358642137, 0.0, 4
568, 3008.585686358771, Server_0, 3.0417973963282776, 1129.5465925589156, 0.0, 3
569, 3012.9200849743893, Server_0, 3.0417973963282776, 1137.412692555679, 0.0, 3
570, 3018.9802483178983, Server_0, 3.531593941666367, 1278.0183570952174, 0.0, 4
571, 3022.596541800271, Server_0, 3.0417973963282776, 1363.2743094637244, 0.0, 3
572, 3029.503024755865, Server_0, 3.531593941666367, 1121.4101373734206, 0.0, 4
573, 3033.705027449541, Server_0, 3.0417973963282776, 1173.250080829313, 0.0, 3
574, 3038.03085753229, Server_06, 3.0417973963282776, 1139.6656608543421, 0.0, 3
575, 3044.464009732777, Server_06, 3.531593941666367, 1203.9199071668054, 0.0, 4
576, 3047.817863777918, Server_06, 3.0417973963282776, 1469.9506697802274, 0.0, 3
577, 3053.423290055445, Server_06, 3.531593941666367, 1381.696880226749, 0.0, 4
578, 3057.315405488276, Server_06, 3.0417973963282776, 1266.6633570047072, 0.0, 3
579, 3063.1397215106704, Server_06, 3.531593941666367, 1329.769876878392, 0.0, 4
580, 3068.8539068448245, Server_06, 3.531593941666367, 1355.3988096444123, 0.0, 4
581, 3073.0912232930377, Server_06, 3.0417973963282776, 1163.472225936489, 0.0, 3
582, 3079.5388014430428, Server_06, 3.531593941666367, 1201.2262309676632, 0.0, 4
583, 3084.222059347323, Server_0, 3.0417973963282776, 1052.6859935461246, 0.0, 3
584, 3087.5199602439793, Server_06, 3.0417973963282776, 1494.890281572276, 0.0, 3
585, 3093.786042438362, Server_06, 3.531593941666367, 1236.0195349724293, 0.0, 4
586, 3098.4128945270672, Server_06, 3.0417973963282776, 1065.519257041924, 0.0, 3
587, 3103.0058468767998, Server_0, 3.0417973963282776, 1073.383659268121, 0.0, 3
588, 3109.247285351555, Server_0, 3.531593941666367, 1240.8998392479702, 0.0, 4
589, 3113.1148192870887, Server_0, 3.0417973963282776, 1274.714089695447, 0.0, 3
590, 3119.723227433307, Server_0, 3.531593941666367, 1171.9917760273772, 0.0, 4
591, 3124.3990880476076, Server_0, 3.0417973963282776, 1054.3513604580062, 0.0, 3
592, 3128.818986188238, Server_06, 3.0417973963282776, 1115.4103201339826, 0.0, 3
593, 3132.7262525868887, Server_0, 3.0417973963282776, 1261.7516946636572, 0.0, 3
594, 3139.801755986881, Server_0, 3.531593941666367, 1094.621762178587, 0.0, 4
595, 3143.793767406427, Server_0, 3.0417973963282776, 1234.9664071252996, 0.0, 3
596, 3147.4354616629585, Server_0, 3.0417973963282776, 1353.7654873573836, 0.0, 3
597, 3153.904685992106, Server_0, 3.531593941666367, 1197.2068993039068, 0.0, 4
598, 3158.4900042696804, Server_0, 3.0417973963282776, 1075.1707300475136, 0.0, 3
599, 3162.6200194503167, Server_0, 3.0417973963282776, 1193.70021280175, 0.0, 3
600, 3168.0581645789744, Server_0, 3.531593941666367, 1424.1988429447763, 0.0, 4
601, 3175.2632719547714, Server_0, 3.531593941666367, 1074.9319331473814, 0.0, 4
602, 3179.6031977303915, Server_0, 3.0417973963282776, 1135.9641281643042, 0.0, 3
603, 3183.876326798011, Server_06, 3.0417973963282776, 1153.7212946264174, 0.0, 3
604, 3187.560781901684, Server_0, 3.0417973963282776, 1338.0540300478729, 0.0, 3
605, 3195.2884910634084, Server_0, 3.531593941666367, 1002.2375115204046, 0.0, 4
606, 3199.53988428513, Server_0, 3.0417973963282776, 1159.6198570414915, 0.0, 3
607, 3203.0545763294112, Server_0, 3.0417973963282776, 1402.6833469013704, 0.0, 3
608, 3209.753492286898, Server_0, 3.531593941666367, 1156.157212473163, 0.0, 4
609, 3213.825551745538, Server_0, 3.0417973963282776, 1210.6895908750935, 0.0, 3
610, 3217.8287478800708, Server_06, 3.0417973963282776, 1231.5159773143725, 0.0, 3
611, 3224.1746429024492, Server_06, 3.531593941666367, 1220.474018666811, 0.0, 4
612, 3227.949348472078, Server_06, 3.0417973963282776, 1306.0621309558303, 0.0, 3
613, 3233.0045878456945, Server_06, 3.531593941666367, 1532.0738401471822, 0.0, 4
614, 3239.9651913289117, Server_06, 3.531593941666367, 1112.69087783466, 0.0, 4
615, 3244.3852825947724, Server_06, 3.0417973963282776, 1115.3615849694422, 0.0, 3
616, 3248.381357147759, Server_06, 3.0417973963282776, 1233.7107165118964, 0.0, 3
617, 3252.9996497957936, Server_0, 3.0417973963282776, 1067.4940666867465, 0.0, 3
618, 3258.641023751383, Server_0, 3.531593941666367, 1372.8925011834476, 0.0, 4
619, 3263.075715099405, Server_0, 3.0417973963282776, 1111.689543444491, 0.0, 3
620, 3270.375254384314, Server_0, 3.531593941666367, 1061.0258672094676, 0.0, 4
621, 3274.248693410493, Server_0, 3.0417973963282776, 1272.7707772549759, 0.0, 3
622, 3277.950801495432, Server_0, 3.0417973963282776, 1331.6737077602627, 0.0, 3
623, 3285.3763439507484, Server_0, 3.531593941666367, 1043.021442084019, 0.0, 4
624, 3289.3716906667205, Server_0, 3.0417973963282776, 1233.9354630454063, 0.0, 3
625, 3294.0353804278875, Server_06, 3.0417973963282776, 1057.102906168946, 0.0, 3
626, 3298.321421887614, Server_0, 3.0417973963282776, 1150.2455228966428, 0.0, 3
627, 3305.4312756146555, Server_0, 3.531593941666367, 1089.3332405057722, 0.0, 4
628, 3309.1579029654326, Server_0, 3.0417973963282776, 1322.911988764306, 0.0, 3
629, 3312.467443327676, Server_0, 3.0417973963282776, 1489.6328373098647, 0.0, 3
630, 3319.2768068638798, Server_0, 3.531593941666367, 1137.4043930569455, 0.0, 4
631, 3323.6496492323045, Server_0, 3.0417973963282776, 1127.4131525065732, 0.0, 3
632, 3327.3072035643586, Server_0, 3.0417973963282776, 1347.8952197085325, 0.0, 3
633, 3333.5056072072475, Server_0, 3.531593941666367, 1249.5152697719816, 0.0, 4
634, 3338.081120608459, Server_0, 3.0417973963282776, 1077.4747154482377, 0.0, 3
635, 3344.5782964572304, Server_0, 3.531593941666367, 1192.056391926751, 0.0, 4
636, 3348.153878285715, Server_0, 3.0417973963282776, 1378.7965809439436, 0.0, 3
637, 3355.112294625083, Server_0, 3.531593941666367, 1113.0406147418837, 0.0, 4
638, 3359.7714690799376, Server_0, 3.0417973963282776, 1058.1273673629569, 0.0, 3
639, 3363.5644565801867, Server_0, 3.0417973963282776, 1299.7670041559907, 0.0, 3
640, 3367.951184557648, Server_06, 3.0417973963282776, 1123.8444748181305, 0.0, 3
641, 3374.451048098116, Server_06, 3.531593941666367, 1191.5634769529609, 0.0, 4
642, 3378.2376964789514, Server_06, 3.0417973963282776, 1301.9429068068307, 0.0, 3
643, 3384.7514976015814, Server_06, 3.531593941666367, 1189.0138882338097, 0.0, 4
644, 3389.2243107225822, Server_06, 3.0417973963282776, 1102.2146167593169, 0.0, 3
645, 3392.8273731973663, Server_06, 3.0417973963282776, 1368.280465438057, 0.0, 3
646, 3398.702583387956, Server_06, 3.531593941666367, 1318.250709124423, 0.0, 4
647, 3403.4803563730334, Server_06, 3.0417973963282776, 1031.861500200658, 0.0, 3
648, 3408.1577921324924, Server_06, 3.0417973963282776, 1053.996303429756, 0.0, 3
649, 3412.751691938608, Server_06, 3.531593941666367, 1685.931414892754, 0.0, 4
650, 3421.860599986964, Server_06, 4.0211812311925765, 1335.5058515707976, 0.0, 5
651, 3426.252390013904, Server_06, 3.0417973963282776, 1122.5491131767988, 0.0, 3
652, 3430.5287513463254, Server_06, 3.0417973963282776, 1152.8492605671581, 0.0, 3
653, 3434.484269086432, Server_06, 3.0417973963282776, 1246.3602299169777, 0.0, 3
654, 3438.5007642459304, Server_06, 3.0417973963282776, 1227.4383023570467, 0.0, 3
655, 3442.242348547571, Server_0, 3.0417973963282776, 1317.6236595386313, 0.0, 3
656, 3448.807265876839, Server_0, 3.531593941666367, 1179.755907278637, 0.0, 4
657, 3453.644354195941, Server_0, 3.0417973963282776, 1019.2081836776047, 0.0, 3
658, 3457.4588929575953, Server_0, 3.0417973963282776, 1292.423621319328, 0.0, 3
659, 3463.4437035973606, Server_0, 3.531593941666367, 1294.1094491009144, 0.0, 4
660, 3468.1353334070604, Server_0, 3.0417973963282776, 1050.807544492814, 0.0, 3
661, 3475.30213472896, Server_0, 3.531593941666367, 1080.6773694609917, 0.0, 4
662, 3478.6759456888894, Server_0, 3.0417973963282776, 1461.2555530091536, 0.0, 3
663, 3483.0665382446086, Server_06, 3.0417973963282776, 1122.8552723659525, 0.0, 3
664, 3488.7462057000894, Server_06, 3.531593941666367, 1363.636174249298, 0.0, 4
665, 3492.765961643388, Server_06, 3.0417973963282776, 1226.442617298415, 0.0, 3
666, 3499.678072961554, Server_06, 3.531593941666367, 1120.4970006263015, 0.0, 4
667, 3504.8756346306914, Server_06, 3.0417973963282776, 948.5216941770532, 0.0, 3
668, 3507.3442031174827, Server_06, 2.5526430912103453, 1271.992256565412, 0.0, 2
669, 3513.047278461935, Server_06, 3.531593941666367, 1358.0392213358878, 0.0, 4
670, 3518.654174650701, Server_06, 3.531593941666367, 1381.334652765305, 0.0, 4
671, 3522.4673812139763, Server_06, 3.0417973963282776, 1292.8751480395517, 0.0, 3
672, 3528.643593244521, Server_06, 3.531593941666367, 1254.0048757550264, 0.0, 4
673, 3532.720080257228, Server_06, 3.0417973963282776, 1209.3746366988767, 0.0, 3
674, 3539.1099518413366, Server_06, 3.531593941666367, 1212.0744365601022, 0.0, 4
675, 3542.8892021715646, Server_06, 3.0417973963282776, 1304.4915179520656, 0.0, 3
676, 3549.403289737699, Server_06, 3.531593941666367, 1188.9616038115178, 0.0, 4
677, 3553.576307843246, Server_06, 3.0417973963282776, 1181.3991397370157, 0.0, 3
678, 3557.421722569641, Server_06, 3.0417973963282776, 1282.046372309398, 0.0, 3
679, 3563.246285313346, Server_06, 3.531593941666367, 1329.7135494626755, 0.0, 4
680, 3570.13010934869, Server_06, 3.531593941666367, 1125.1013913537815, 0.0, 4
681, 3574.5350204987762, Server_06, 3.0417973963282776, 1119.2053215201522, 0.0, 3
682, 3578.921008288105, Server_0, 3.0417973963282776, 1124.034137075088, 0.0, 3
683, 3583.292180579557, Server_0, 3.0417973963282776, 1127.8438989102624, 0.0, 3
684, 3589.2183919507493, Server_0, 3.531593941666367, 1306.905797800141, 0.0, 4
685, 3592.3351238798436, Server_0, 3.0417973963282776, 1581.7850595294822, 0.0, 3
686, 3599.045468892292, Server_0, 4.0211812311925765, 1812.872509153102, 0.0, 5
687, 3603.156620074119, Server_0, 3.531593941666367, 1883.9005566703154, 0.0, 4
688, 3609.5277382512113, Server_0, 4.0211812311925765, 1909.3979521114431, 0.0, 5
689, 3613.5856262674597, Server_0, 3.531593941666367, 1908.628323154273, 0.0, 4
690, 3617.51601824034, Server_0, 3.531593941666367, 1970.541374356606, 0.0, 4
691, 3623.5632346297807, Server_0, 4.0211812311925765, 2011.6693725797697, 0.0, 5
692, 3627.3623632476774, Server_0, 3.531593941666367, 2038.6253741227151, 0.0, 4
693, 3633.4272072278445, Server_0, 4.0211812311925765, 2005.8224151818713, 0.0, 5
694, 3637.1947502068015, Server_0, 3.531593941666367, 2055.716429317074, 0.0, 4
695, 3643.0864976849093, Server_0, 4.0211812311925765, 2064.752443176134, 0.0, 5
696, 3648.7542115614974, Server_0, 4.0211812311925765, 2146.368053308154, 0.0, 5
697, 3652.4318717173323, Server_0, 3.531593941666367, 2105.9585910111578, 0.0, 4
698, 3658.0736182885216, Server_0, 4.0211812311925765, 2156.247156177312, 0.0, 5
699, 3663.8288251254594, Server_0, 4.0211812311925765, 2113.7381061482015, 0.0, 5
700, 3667.3414899007034, Server_0, 3.531593941666367, 2204.878773113755, 0.0, 4
701, 3672.5689965718484, Server_0, 4.0211812311925765, 2327.1132425614937, 0.0, 5
702, 3677.9628942630807, Server_0, 4.0211812311925765, 2255.326425596484, 0.0, 5
703, 3683.2329417352116, Server_0, 4.0211812311925765, 2308.328352700978, 0.0, 5
704, 3688.2699157546967, Server_0, 4.0211812311925765, 2415.1405095481355, 0.0, 5
705, 3693.2859408174972, Server_0, 4.0211812311925765, 2425.227116630101, 0.0, 5
706, 3698.1544793818657, Server_0, 4.0211812311925765, 2498.696444356504, 0.0, 5
707, 3705.886011742301, Server_0, 4.51062929652117, 2471.0496069015267, 0.0, 6
708, 3710.532734343964, Server_0, 4.0211812311925765, 2617.9742245957063, 0.0, 5
709, 3715.1541484441204, Server_0, 4.0211812311925765, 2632.3111792964232, 0.0, 5
710, 3719.9156834420996, Server_0, 4.0211812311925765, 2554.8483850612974, 0.0, 5
711, 3724.4433113123723, Server_0, 4.0211812311925765, 2686.837423162021, 0.0, 5
712, 3728.823331157255, Server_0, 4.0211812311925765, 2777.3846765130793, 0.0, 5
713, 3733.2317350483404, Server_0, 4.0211812311925765, 2759.502146479706, 0.0, 5
714, 3740.323720659938, Server_0, 4.51062929652117, 2693.885894065796, 0.0, 6
715, 3744.9082044778543, Server_0, 4.0211812311925765, 2653.515746409341, 0.0, 5
716, 3749.3884086715675, Server_0, 4.0211812311925765, 2715.2780261824487, 0.0, 5
717, 3753.681578652705, Server_0, 4.0211812311925765, 2833.570544247807, 0.0, 5
718, 3757.910022793231, Server_0, 4.0211812311925765, 2876.944709617725, 0.0, 5
719, 3764.4491013189772, Server_0, 4.51062929652117, 2921.665480048551, 0.0, 6
