0, 6.3103441046616275, Server_02, 2.5526430912103453, 7517.981150793653, 0.0, 2
1, 13.136402608358608, Server_02, 4.999925769684824, 4394.922777727741, 0.0, 7
2, 20.357394141218972, Server_02, 4.51062929652117, 2645.7585378766075, 0.0, 6
3, 21.149115658965595, Server_02, 2.063532775625675, 2526.140764359098, 0.0, 1
4, 26.003477390924356, Server_02, 4.0211812311925765, 2505.993716931218, 0.0, 5
5, 30.85783912288312, Server_02, 4.0211812311925765, 2505.993716931216, 0.0, 5
6, 35.71220085484189, Server_02, 4.0211812311925765, 2505.9937169312143, 0.0, 5
7, 40.56656258680065, Server_02, 4.0211812311925765, 2505.993716931218, 0.0, 5
8, 45.42092431875941, Server_02, 4.0211812311925765, 2505.993716931218, 0.0, 5
9, 50.27528605071818, Server_02, 4.0211812311925765, 2505.9937169312143, 0.0, 5
10, 55.19925866927488, Server_02, 4.0211812311925765, 2470.5661347819923, 0.0, 5
11, 60.053620401233644, Server_02, 4.0211812311925765, 2505.993716931218, 0.0, 5
12, 64.9079821331924, Server_02, 4.0211812311925765, 2505.993716931218, 0.0, 5
13, 69.76234386515117, Server_02, 4.0211812311925765, 2505.993716931218, 0.0, 5
14, 74.68631648370787, Server_02, 4.0211812311925765, 2470.5661347819923, 0.0, 5
15, 79.54067821566663, Server_02, 4.0211812311925765, 2505.993716931218, 0.0, 5
16, 84.39503994762539, Server_02, 4.0211812311925765, 2505.993716931218, 0.0, 5
17, 89.24940167958415, Server_02, 4.0211812311925765, 2505.993716931218, 0.0, 5
18, 94.1233295802695, Server_02, 4.0211812311925765, 2495.933515612618, 0.0, 5
19, 99.07718358403758, Server_02, 4.0211812311925765, 2455.6638105900674, 0.0, 5
20, 104.02131953525425, Server_02, 4.0211812311925765, 2460.4905933070886, 0.0, 5
21, 109.0149030404089, Server_02, 4.0211812311925765, 2436.126278341522, 0.0, 5
22, 113.9388756589656, Server_02, 4.0211812311925765, 2470.5661347819923, 0.0, 5
23, 118.79323739092436, Server_02, 4.0211812311925765, 2505.993716931218, 0.0, 5
24, 123.64759912288312, Server_02, 4.0211812311925765, 2505.993716931218, 0.0, 5
25, 128.50196085484188, Server_02, 4.0211812311925765, 2505.993716931218, 0.0, 5
26, 133.44206570789115, Server_02, 4.0211812311925765, 2462.4983399879043, 0.0, 5
27, 138.3499060919553, Server_02, 4.0211812311925765, 2478.686967795448, 0.0, 5
28, 143.273878710512, Server_02, 4.0211812311925765, 2470.566134781985, 0.0, 5
29, 148.12824044247077, Server_02, 4.0211812311925765, 2505.993716931218, 0.0, 5
30, 152.98260217442953, Server_02, 4.0211812311925765, 2505.993716931218, 0.0, 5
31, 157.8369639063883, Server_02, 4.0211812311925765, 2505.993716931218, 0.0, 5
32, 162.76093652494498, Server_02, 4.0211812311925765, 2470.566134781999, 0.0, 5
33, 167.61529825690374, Server_02, 4.0211812311925765, 2505.993716931218, 0.0, 5
34, 172.6546768862256, Server_02, 4.0211812311925765, 2413.988091551092, 0.0, 5
35, 175.7690829991718, Server_02, 3.531593941666367, 2486.8304643395727, 0.0, 4
36, 180.68881050906188, Server_02, 4.0211812311925765, 2472.6979239286698, 0.0, 5
37, 185.54741734968724, Server_02, 4.0211812311925765, 2503.8041560148613, 0.0, 5
38, 190.401779081646, Server_02, 4.0211812311925765, 2505.993716931218, 0.0, 5
39, 195.25614081360476, Server_02, 4.0211812311925765, 2505.993716931218, 0.0, 5
40, 200.11050254556352, Server_02, 4.0211812311925765, 2505.993716931218, 0.0, 5
41, 205.06803918045853, Server_02, 4.0211812311925765, 2453.8396578601655, 0.0, 5
42, 210.0125784309036, Server_02, 4.0211812311925765, 2460.289904444582, 0.0, 5
43, 214.88242040123365, Server_02, 4.0211812311925765, 2498.0276719689004, 0.0, 5
44, 219.8760039063883, Server_02, 4.0211812311925765, 2436.126278341522, 0.0, 5
45, 224.73036563834705, Server_02, 4.0211812311925765, 2505.993716931218, 0.0, 5
46, 229.5847273703058, Server_02, 4.0211812311925765, 2505.993716931218, 0.0, 5
47, 234.95418749401716, Server_02, 4.0211812311925765, 2265.59090108143, 0.0, 5
48, 238.04477784453263, Server_02, 3.531593941666367, 2505.993716931212, 0.0, 4
49, 243.93328726297685, Server_02, 4.0211812311925765, 2065.8878394413905, 0.0, 5
50, 247.73609396080573, Server_0, 3.531593941666367, 2036.6536128228158, 0.0, 4
51, 252.25138463351797, Server_02, 3.531593941666367, 1715.282705232295, 0.0, 4
52, 256.22375952624526, Server_0, 3.531593941666367, 1949.7152733946934, 0.0, 4
53, 260.6952135431458, Server_02, 3.531593941666367, 1732.0987693771535, 0.0, 4
54, 264.5444982379023, Server_0, 3.531593941666367, 2012.0621398958342, 0.0, 4
55, 268.9037716767307, Server_02, 3.531593941666367, 1776.6722158364037, 0.0, 4
56, 272.43143791565774, Server_0, 3.531593941666367, 2195.5024867532975, 0.0, 4
57, 276.1950561099177, Server_02, 3.531593941666367, 2057.8601760965616, 0.0, 4
58, 280.90920434505813, Server_02, 4.0211812311925765, 2580.529799491463, 0.0, 5
59, 289.16132975755426, Server_02, 4.51062929652117, 2315.161130618477, 0.0, 6
60, 292.5237199848143, Server_02, 3.531593941666367, 2303.420922773517, 0.0, 4
61, 295.68590938642024, Server_02, 3.531593941666367, 2449.2524059648913, 0.0, 4
62, 303.6671053852738, Server_02, 4.51062929652117, 2393.7515132749795, 0.0, 6
63, 306.9626786308116, Server_02, 3.531593941666367, 2350.1222467098332, 0.0, 4
64, 309.9226493372579, Server_02, 3.531593941666367, 2616.57994896122, 0.0, 4
65, 317.4599577203464, Server_02, 4.51062929652117, 2534.7244704576538, 0.0, 6
66, 322.31431945230514, Server_02, 4.0211812311925765, 2505.993716931218, 0.0, 5
67, 327.1686811842639, Server_02, 4.0211812311925765, 2505.993716931218, 0.0, 5
68, 332.02304291622266, Server_02, 4.0211812311925765, 2505.993716931218, 0.0, 5
69, 336.8774046481814, Server_02, 4.0211812311925765, 2505.993716931218, 0.0, 5
70, 341.7317663801402, Server_02, 4.0211812311925765, 2505.993716931218, 0.0, 5
71, 346.58612811209895, Server_02, 4.0211812311925765, 2505.993716931218, 0.0, 5
72, 351.4404898440577, Server_02, 4.0211812311925765, 2505.993716931218, 0.0, 5
73, 356.29485157601647, Server_02, 4.0211812311925765, 2505.993716931218, 0.0, 5
74, 363.9185738028206, Server_02, 4.51062929652117, 2505.993716931209, 0.0, 6
75, 368.7729355347794, Server_02, 4.0211812311925765, 2505.993716931218, 0.0, 5
76, 373.62729726673814, Server_02, 4.0211812311925765, 2505.993716931218, 0.0, 5
77, 378.4816589986969, Server_02, 4.0211812311925765, 2505.993716931218, 0.0, 5
78, 383.33602073065566, Server_02, 4.0211812311925765, 2505.993716931218, 0.0, 5
79, 388.1903824626144, Server_02, 4.0211812311925765, 2505.993716931218, 0.0, 5
80, 393.0447441945732, Server_02, 4.0211812311925765, 2505.993716931218, 0.0, 5
81, 397.89910592653194, Server_02, 4.0211812311925765, 2505.993716931218, 0.0, 5
82, 402.7534676584907, Server_02, 4.0211812311925765, 2505.993716931218, 0.0, 5
83, 407.60782939044947, Server_02, 4.0211812311925765, 2505.993716931218, 0.0, 5
84, 412.4621911224082, Server_02, 4.0211812311925765, 2505.993716931218, 0.0, 5
85, 417.316552854367, Server_02, 4.0211812311925765, 2505.993716931218, 0.0, 5
86, 422.17091458632575, Server_02, 4.0211812311925765, 2505.993716931218, 0.0, 5
87, 427.0252763182845, Server_02, 4.0211812311925765, 2505.993716931218, 0.0, 5
88, 431.8796380502433, Server_02, 4.0211812311925765, 2505.993716931218, 0.0, 5
89, 436.73399978220203, Server_02, 4.0211812311925765, 2505.993716931218, 0.0, 5
90, 441.5883615141608, Server_02, 4.0211812311925765, 2505.993716931218, 0.0, 5
91, 446.44272324611956, Server_02, 4.0211812311925765, 2505.993716931218, 0.0, 5
92, 451.2970849780783, Server_02, 4.0211812311925765, 2505.993716931218, 0.0, 5
93, 458.92080720488246, Server_02, 4.51062929652117, 2505.993716931209, 0.0, 6
94, 463.7751689368412, Server_02, 4.0211812311925765, 2505.993716931218, 0.0, 5
95, 468.6295306688, Server_02, 4.0211812311925765, 2505.993716931218, 0.0, 5
96, 473.48389240075875, Server_02, 4.0211812311925765, 2505.993716931218, 0.0, 5
97, 478.3382541327175, Server_02, 4.0211812311925765, 2505.993716931218, 0.0, 5
98, 483.2622267512742, Server_02, 4.0211812311925765, 2470.566134781985, 0.0, 5
99, 488.2101092878804, Server_02, 4.0211812311925765, 2458.6274855959136, 0.0, 5
100, 493.1426496791093, Server_02, 4.0211812311925765, 2466.274786443104, 0.0, 5
101, 498.1687108749856, Server_02, 4.0211812311925765, 2420.384377727218, 0.0, 5
102, 501.3079272799213, Server_02, 3.531593941666367, 2467.1761997111257, 0.0, 4
103, 509.14945455683073, Server_02, 4.51062929652117, 2436.3876226328393, 0.0, 6
104, 514.080784112099, Server_02, 4.0211812311925765, 2466.8803542046576, 0.0, 5
105, 519.1920659139396, Server_02, 4.0211812311925765, 2380.029212167342, 0.0, 5
106, 522.4543557283725, Server_02, 3.531593941666367, 2374.099310776963, 0.0, 4
107, 525.7166455428055, Server_02, 3.531593941666367, 2374.099310776963, 0.0, 4
108, 530.8406940376509, Server_02, 4.0211812311925765, 2374.099310776926, 0.0, 5
109, 535.9647425324963, Server_02, 4.0211812311925765, 2374.099310776926, 0.0, 5
110, 541.0887910273417, Server_02, 4.0211812311925765, 2374.099310776926, 0.0, 5
111, 546.2128395221871, Server_02, 4.0211812311925765, 2374.099310776926, 0.0, 5
112, 551.3368880170325, Server_02, 4.0211812311925765, 2374.099310776926, 0.0, 5
113, 554.5991778314655, Server_02, 3.531593941666367, 2374.099310776963, 0.0, 4
114, 559.7232263263109, Server_02, 4.0211812311925765, 2374.099310776926, 0.0, 5
115, 564.8472748211562, Server_02, 4.0211812311925765, 2374.099310776926, 0.0, 5
116, 569.9713233160016, Server_02, 4.0211812311925765, 2374.099310776926, 0.0, 5
117, 575.095371810847, Server_02, 4.0211812311925765, 2374.099310776926, 0.0, 5
118, 580.2194203056924, Server_02, 4.0211812311925765, 2374.099310776926, 0.0, 5
119, 585.3434688005378, Server_02, 4.0211812311925765, 2374.099310776926, 0.0, 5
120, 590.4675172953832, Server_02, 4.0211812311925765, 2374.099310776926, 0.0, 5
121, 595.5915657902286, Server_02, 4.0211812311925765, 2374.099310776926, 0.0, 5
122, 600.715614285074, Server_02, 4.0211812311925765, 2374.099310776926, 0.0, 5
123, 605.8396627799194, Server_02, 4.0211812311925765, 2374.099310776926, 0.0, 5
124, 610.9637112747648, Server_02, 4.0211812311925765, 2374.099310776926, 0.0, 5
125, 616.0877597696102, Server_02, 4.0211812311925765, 2374.099310776926, 0.0, 5
126, 621.2118082644556, Server_02, 4.0211812311925765, 2374.099310776926, 0.0, 5
127, 626.3498594175803, Server_02, 4.0211812311925765, 2367.629211437853, 0.0, 5
128, 629.6677574603319, Server_02, 3.531593941666367, 2334.309222346355, 0.0, 4
129, 634.9635054190949, Server_02, 4.0211812311925765, 2297.1259385315743, 0.0, 5
130, 640.1783023283399, Server_02, 4.0211812311925765, 2332.7849984787226, 0.0, 5
131, 645.3833018727031, Server_02, 4.0211812311925765, 2337.175997099593, 0.0, 5
132, 650.6790498314659, Server_02, 4.0211812311925765, 2297.125938531624, 0.0, 5
133, 655.9657969911799, Server_02, 4.0211812311925765, 2301.0368441108067, 0.0, 5
134, 661.1627391601894, Server_02, 4.0211812311925765, 2340.7995710520972, 0.0, 5
135, 666.394594243837, Server_02, 4.0211812311925765, 2325.1790818943527, 0.0, 5
136, 669.65688405827, Server_02, 3.531593941666367, 2374.099310776963, 0.0, 4
137, 674.7809325531153, Server_02, 4.0211812311925765, 2374.099310776926, 0.0, 5
138, 679.9049810479607, Server_02, 4.0211812311925765, 2374.099310776926, 0.0, 5
139, 685.029027439782, Server_02, 4.0211812311925765, 2374.100285160799, 0.0, 5
140, 690.1530759346274, Server_02, 4.0211812311925765, 2374.099310776926, 0.0, 5
141, 695.2771244294728, Server_02, 4.0211812311925765, 2374.099310776926, 0.0, 5
142, 700.4011729243182, Server_02, 4.0211812311925765, 2374.099310776926, 0.0, 5
143, 705.5252214191636, Server_02, 4.0211812311925765, 2374.099310776926, 0.0, 5
144, 710.649269914009, Server_02, 4.0211812311925765, 2374.099310776926, 0.0, 5
145, 715.7733184088544, Server_02, 4.0211812311925765, 2374.099310776926, 0.0, 5
146, 720.8973669036998, Server_02, 4.0211812311925765, 2374.099310776926, 0.0, 5
147, 726.0214153985452, Server_02, 4.0211812311925765, 2374.099310776926, 0.0, 5
148, 731.1454638933906, Server_02, 4.0211812311925765, 2374.099310776926, 0.0, 5
149, 736.269512388236, Server_02, 4.0211812311925765, 2374.099310776926, 0.0, 5
150, 741.3935608830814, Server_02, 4.0211812311925765, 2374.099310776926, 0.0, 5
151, 744.6558506975143, Server_02, 3.531593941666367, 2374.099310776963, 0.0, 4
152, 749.7798991923597, Server_02, 4.0211812311925765, 2374.099310776926, 0.0, 5
153, 754.9039476872051, Server_02, 4.0211812311925765, 2374.099310776926, 0.0, 5
154, 760.0279961820505, Server_02, 4.0211812311925765, 2374.099310776926, 0.0, 5
155, 765.1520446768959, Server_02, 4.0211812311925765, 2374.099310776926, 0.0, 5
156, 770.2760931717413, Server_02, 4.0211812311925765, 2374.099310776926, 0.0, 5
157, 775.4001416665867, Server_02, 4.0211812311925765, 2374.099310776926, 0.0, 5
158, 780.5241901614321, Server_02, 4.0211812311925765, 2374.099310776926, 0.0, 5
159, 785.6482386562775, Server_02, 4.0211812311925765, 2374.099310776926, 0.0, 5
160, 790.7722871511229, Server_02, 4.0211812311925765, 2374.099310776926, 0.0, 5
161, 795.8963356459683, Server_02, 4.0211812311925765, 2374.099310776926, 0.0, 5
162, 801.0203841408137, Server_02, 4.0211812311925765, 2374.099310776926, 0.0, 5
163, 806.1444326356591, Server_02, 4.0211812311925765, 2374.099310776926, 0.0, 5
164, 811.2684811305045, Server_02, 4.0211812311925765, 2374.099310776926, 0.0, 5
165, 816.3925296253499, Server_02, 4.0211812311925765, 2374.099310776926, 0.0, 5
166, 819.6548194397828, Server_02, 3.531593941666367, 2374.099310776963, 0.0, 4
167, 824.7788679346282, Server_02, 4.0211812311925765, 2374.099310776926, 0.0, 5
168, 829.9029164294736, Server_02, 4.0211812311925765, 2374.099310776926, 0.0, 5
169, 835.026964924319, Server_02, 4.0211812311925765, 2374.099310776926, 0.0, 5
170, 840.1510134191644, Server_02, 4.0211812311925765, 2374.099310776926, 0.0, 5
171, 845.2750619140098, Server_02, 4.0211812311925765, 2374.099310776926, 0.0, 5
172, 850.3991104088552, Server_02, 4.0211812311925765, 2374.099310776926, 0.0, 5
173, 855.5231589037006, Server_02, 4.0211812311925765, 2374.099310776926, 0.0, 5
174, 860.647207398546, Server_02, 4.0211812311925765, 2374.099310776926, 0.0, 5
175, 865.7712558933914, Server_02, 4.0211812311925765, 2374.099310776926, 0.0, 5
176, 870.8953043882368, Server_02, 4.0211812311925765, 2374.099310776926, 0.0, 5
177, 876.0193528830822, Server_02, 4.0211812311925765, 2374.099310776926, 0.0, 5
178, 881.1434013779276, Server_02, 4.0211812311925765, 2374.099310776926, 0.0, 5
179, 886.267449872773, Server_02, 4.0211812311925765, 2374.099310776926, 0.0, 5
180, 891.3914983676184, Server_02, 4.0211812311925765, 2374.099310776926, 0.0, 5
181, 894.6537881820514, Server_02, 3.531593941666367, 2374.099310776963, 0.0, 4
182, 899.8474475634947, Server_02, 4.0211812311925765, 2342.279134335387, 0.0, 5
183, 905.0434733320891, Server_02, 4.0211812311925765, 2341.212407668804, 0.0, 5
184, 910.2672440171029, Server_02, 4.0211812311925765, 2328.7775696010963, 0.0, 5
185, 915.5629919758658, Server_02, 4.0211812311925765, 2297.125938531624, 0.0, 5
186, 920.8145082189277, Server_02, 4.0211812311925765, 2316.4738404973727, 0.0, 5
187, 926.0031580334811, Server_02, 4.0211812311925765, 2344.5405712058196, 0.0, 5
188, 931.278536388237, Server_02, 4.0211812311925765, 2305.995737544217, 0.0, 5
189, 936.5742843469999, Server_02, 4.0211812311925765, 2297.1259385315743, 0.0, 5
190, 939.8365741614328, Server_02, 3.531593941666367, 2374.099310776963, 0.0, 4
191, 945.2081821986703, Server_02, 4.0211812311925765, 2264.6849724828844, 0.0, 5
192, 950.6019174564022, Server_02, 4.0211812311925765, 2255.394345238112, 0.0, 5
193, 955.9956527141342, Server_02, 4.0211812311925765, 2255.394345238112, 0.0, 5
194, 961.3893879718661, Server_02, 4.0211812311925765, 2255.394345238112, 0.0, 5
195, 964.8233772502166, Server_02, 3.531593941666367, 2255.3943452380995, 0.0, 4
196, 970.2171125079485, Server_02, 4.0211812311925765, 2255.394345238112, 0.0, 5
197, 975.6108477656804, Server_02, 4.0211812311925765, 2255.394345238112, 0.0, 5
198, 981.0045830234124, Server_02, 4.0211812311925765, 2255.394345238112, 0.0, 5
199, 986.3983182811443, Server_02, 4.0211812311925765, 2255.394345238112, 0.0, 5
200, 989.8323075594948, Server_02, 3.531593941666367, 2255.3943452380995, 0.0, 4
201, 995.2260428172267, Server_02, 4.0211812311925765, 2255.394345238112, 0.0, 5
202, 1000.6197780749586, Server_02, 4.0211812311925765, 2255.394345238112, 0.0, 5
203, 1006.0135133326905, Server_02, 4.0211812311925765, 2255.394345238112, 0.0, 5
204, 1011.4072485904225, Server_02, 4.0211812311925765, 2255.394345238112, 0.0, 5
205, 1014.841237868773, Server_02, 3.531593941666367, 2255.3943452380995, 0.0, 4
206, 1020.2349731265049, Server_02, 4.0211812311925765, 2255.394345238112, 0.0, 5
207, 1025.628708384237, Server_02, 4.0211812311925765, 2255.3943452380645, 0.0, 5
208, 1031.022443641969, Server_02, 4.0211812311925765, 2255.3943452380645, 0.0, 5
209, 1036.416178899701, Server_02, 4.0211812311925765, 2255.3943452380645, 0.0, 5
210, 1039.8501681780515, Server_02, 3.531593941666367, 2255.3943452380995, 0.0, 4
211, 1045.2439034357835, Server_02, 4.0211812311925765, 2255.3943452380645, 0.0, 5
212, 1050.6376386935156, Server_02, 4.0211812311925765, 2255.3943452380645, 0.0, 5
213, 1056.0313739512476, Server_02, 4.0211812311925765, 2255.3943452380645, 0.0, 5
214, 1061.4251092089796, Server_02, 4.0211812311925765, 2255.3943452380645, 0.0, 5
215, 1064.8590984873301, Server_02, 3.531593941666367, 2255.3943452380995, 0.0, 4
216, 1070.2528337450622, Server_02, 4.0211812311925765, 2255.3943452380645, 0.0, 5
217, 1075.6465690027942, Server_02, 4.0211812311925765, 2255.3943452380645, 0.0, 5
218, 1081.0403042605262, Server_02, 4.0211812311925765, 2255.3943452380645, 0.0, 5
219, 1086.4340395182583, Server_02, 4.0211812311925765, 2255.3943452380645, 0.0, 5
220, 1089.9132646825717, Server_02, 3.531593941666367, 2226.070355963384, 0.0, 4
221, 1095.5766867031903, Server_02, 4.0211812311925765, 2147.9946145124723, 0.0, 5
222, 1101.2401087238088, Server_02, 4.0211812311925765, 2147.9946145124723, 0.0, 5
223, 1106.9035307444274, Server_02, 4.0211812311925765, 2147.9946145124723, 0.0, 5
224, 1110.5092194866954, Server_02, 3.531593941666367, 2147.994614512462, 0.0, 4
225, 1116.172641507314, Server_02, 4.0211812311925765, 2147.9946145124723, 0.0, 5
226, 1121.9056744145305, Server_02, 4.0211812311925765, 2121.9135136460122, 0.0, 5
227, 1125.6044506106455, Server_02, 3.531593941666367, 2093.935828865501, 0.0, 4
228, 1131.3512788818348, Server_02, 4.0211812311925765, 2116.8198223334825, 0.0, 5
229, 1135.12387284752, Server_02, 3.531593941666367, 2052.964106513173, 0.0, 4
230, 1140.8763847060145, Server_02, 4.0211812311925765, 2114.728365494197, 0.0, 5
231, 1146.6224163526747, Server_02, 4.0211812311925765, 2117.1132962817505, 0.0, 5
232, 1150.3992656902865, Server_02, 3.531593941666367, 2050.6510341493736, 0.0, 4
233, 1156.1460896904798, Server_02, 4.0211812311925765, 2116.821395537911, 0.0, 5
234, 1161.898348064015, Server_02, 4.0211812311925765, 2114.8215552987767, 0.0, 5
235, 1165.6695478728702, Server_02, 3.531593941666367, 2053.723056999983, 0.0, 4
236, 1171.4157978924484, Server_02, 4.0211812311925765, 2117.032840296263, 0.0, 5
237, 1175.193186098634, Server_02, 3.531593941666367, 2050.3584956709747, 0.0, 4
238, 1181.126294882139, Server_02, 4.0211812311925765, 2050.3584956710224, 0.0, 5
239, 1187.0594036656441, Server_02, 4.0211812311925765, 2050.3584956710224, 0.0, 5
240, 1190.8367918718297, Server_02, 3.531593941666367, 2050.3584956709747, 0.0, 4
241, 1196.7699006553348, Server_02, 4.0211812311925765, 2050.3584956710224, 0.0, 5
242, 1200.5472888615204, Server_02, 3.531593941666367, 2050.3584956709747, 0.0, 4
243, 1206.4803976450255, Server_02, 4.0211812311925765, 2050.3584956710224, 0.0, 5
244, 1210.257785851211, Server_02, 3.531593941666367, 2050.3584956709747, 0.0, 4
245, 1216.1908946347162, Server_02, 4.0211812311925765, 2050.3584956710224, 0.0, 5
246, 1222.1240034182213, Server_02, 4.0211812311925765, 2050.3584956710224, 0.0, 5
247, 1225.9013916244069, Server_02, 3.531593941666367, 2050.3584956709747, 0.0, 4
248, 1231.834500407912, Server_02, 4.0211812311925765, 2050.3584956710224, 0.0, 5
249, 1235.6118886140976, Server_02, 3.531593941666367, 2050.3584956709747, 0.0, 4
250, 1241.7707193153058, Server_02, 4.0211812311925765, 1975.2125996276395, 0.0, 5
251, 1245.719806985409, Server_02, 3.531593941666367, 1961.2124741200525, 0.0, 4
252, 1251.9226025318007, Server_02, 4.0211812311925765, 1961.2124741200596, 0.0, 5
253, 1255.871690201904, Server_02, 3.531593941666367, 1961.2124741200525, 0.0, 4
254, 1262.0744857482957, Server_02, 4.0211812311925765, 1961.2124741200596, 0.0, 5
255, 1266.0235734183989, Server_02, 3.531593941666367, 1961.2124741200525, 0.0, 4
256, 1272.2263689647907, Server_02, 4.0211812311925765, 1961.2124741200596, 0.0, 5
257, 1276.0420661815265, Server_02, 3.531593941666367, 2029.7732131444236, 0.0, 4
258, 1281.9751749650316, Server_02, 4.0211812311925765, 2050.3584956710224, 0.0, 5
259, 1285.777845712972, Server_02, 3.531593941666367, 2036.7264255509413, 0.0, 4
260, 1291.8029017400422, Server_02, 4.0211812311925765, 2019.068361413324, 0.0, 5
261, 1295.7043705114231, Server_02, 3.531593941666367, 1985.149812504765, 0.0, 4
262, 1301.7779801067707, Server_02, 4.0211812311925765, 2002.9275522283408, 0.0, 5
263, 1305.5865669650314, Server_02, 3.531593941666367, 2033.5626541380714, 0.0, 4
264, 1311.691375212454, Server_02, 4.0211812311925765, 1992.6915812852785, 0.0, 5
265, 1315.5245532239514, Server_02, 3.531593941666367, 2020.5166513971378, 0.0, 4
266, 1321.5735716660622, Server_02, 4.0211812311925765, 2011.070079620241, 0.0, 5
267, 1325.4998439424996, Server_02, 3.531593941666367, 1972.6089926263487, 0.0, 4
268, 1331.5228543833116, Server_02, 4.0211812311925765, 2019.7540946583588, 0.0, 5
269, 1335.4048557897736, Server_02, 3.531593941666367, 1995.1048928286427, 0.0, 4
270, 1341.4950742700944, Server_02, 4.0211812311925765, 1997.465286230456, 0.0, 5
271, 1345.2870522433818, Server_02, 3.531593941666367, 2042.4696700665493, 0.0, 4
272, 1351.220161026887, Server_02, 4.0211812311925765, 2050.3584956710224, 0.0, 5
273, 1357.153269810392, Server_02, 4.0211812311925765, 2050.3584956710224, 0.0, 5
274, 1360.9306580165776, Server_02, 3.531593941666367, 2050.3584956709747, 0.0, 4
275, 1366.8637668000827, Server_02, 4.0211812311925765, 2050.3584956710224, 0.0, 5
276, 1370.6411550062683, Server_02, 3.531593941666367, 2050.3584956709747, 0.0, 4
277, 1376.5742637897733, Server_02, 4.0211812311925765, 2050.3584956710224, 0.0, 5
278, 1380.351651995959, Server_02, 3.531593941666367, 2050.3584956709747, 0.0, 4
279, 1386.284760779464, Server_02, 4.0211812311925765, 2050.3584956710224, 0.0, 5
280, 1392.217869562969, Server_02, 4.0211812311925765, 2050.3584956710224, 0.0, 5
281, 1395.9952577691547, Server_02, 3.531593941666367, 2050.3584956709747, 0.0, 4
282, 1401.9283665526598, Server_02, 4.0211812311925765, 2050.3584956710224, 0.0, 5
283, 1405.7057547588454, Server_02, 3.531593941666367, 2050.3584956709747, 0.0, 4
284, 1411.6388635423505, Server_02, 4.0211812311925765, 2050.3584956710224, 0.0, 5
285, 1415.416251748536, Server_02, 3.531593941666367, 2050.3584956709747, 0.0, 4
286, 1421.3493605320411, Server_02, 4.0211812311925765, 2050.3584956710224, 0.0, 5
287, 1425.1267487382268, Server_02, 3.531593941666367, 2050.3584956709747, 0.0, 4
288, 1431.0598575217318, Server_02, 4.0211812311925765, 2050.3584956710224, 0.0, 5
289, 1436.992966305237, Server_02, 4.0211812311925765, 2050.3584956710224, 0.0, 5
290, 1440.7703545114225, Server_02, 3.531593941666367, 2050.3584956709747, 0.0, 4
291, 1446.7034632949276, Server_02, 4.0211812311925765, 2050.3584956710224, 0.0, 5
292, 1450.5264190512214, Server_02, 3.531593941666367, 2025.9193393094397, 0.0, 4
293, 1456.7357113437179, Server_02, 4.0211812311925765, 1959.1604690120073, 0.0, 5
294, 1460.8564984777386, Server_02, 3.531593941666367, 1879.4952876983746, 0.0, 4
295, 1467.328980787017, Server_02, 4.0211812311925765, 1879.4952876984134, 0.0, 5
296, 1471.4497679210376, Server_02, 3.531593941666367, 1879.4952876983746, 0.0, 4
297, 1475.479751618987, Server_02, 3.531593941666367, 1921.844002480975, 0.0, 4
298, 1481.5817298253555, Server_02, 4.0211812311925765, 1993.6157732099875, 0.0, 5
299, 1485.5308174954587, Server_02, 3.531593941666367, 1961.2124741200525, 0.0, 4
300, 1491.7271162957456, Server_02, 4.0211812311925765, 1963.2687822344212, 0.0, 5
301, 1495.5045045019313, Server_02, 3.531593941666367, 2050.3584956709747, 0.0, 4
302, 1501.4376132854363, Server_02, 4.0211812311925765, 2050.3584956710224, 0.0, 5
303, 1505.215001491622, Server_02, 3.531593941666367, 2050.3584956709747, 0.0, 4
304, 1511.148110275127, Server_02, 4.0211812311925765, 2050.3584956710224, 0.0, 5
305, 1517.081219058632, Server_02, 4.0211812311925765, 2050.3584956710224, 0.0, 5
306, 1520.8586072648177, Server_02, 3.531593941666367, 2050.3584956709747, 0.0, 4
307, 1526.7917160483228, Server_02, 4.0211812311925765, 2050.3584956710224, 0.0, 5
308, 1530.5691042545084, Server_02, 3.531593941666367, 2050.3584956709747, 0.0, 4
309, 1536.5681702939287, Server_02, 4.0211812311925765, 2027.8156499799923, 0.0, 5
310, 1540.6889574279494, Server_02, 3.531593941666367, 1879.4952876983746, 0.0, 4
311, 1547.1614397372277, Server_02, 4.0211812311925765, 1879.4952876984134, 0.0, 5
312, 1551.2822268712484, Server_02, 3.531593941666367, 1879.4952876983746, 0.0, 4
313, 1557.7547091805268, Server_02, 4.0211812311925765, 1879.4952876984134, 0.0, 5
314, 1561.8095390586323, Server_02, 3.531593941666367, 1910.0678037863056, 0.0, 4
315, 1565.5869272648179, Server_02, 3.531593941666367, 2050.3584956709747, 0.0, 4
316, 1571.520036048323, Server_02, 4.0211812311925765, 2050.3584956710224, 0.0, 5
317, 1575.2974242545085, Server_02, 3.531593941666367, 2050.3584956709747, 0.0, 4
318, 1581.2305330380136, Server_02, 4.0211812311925765, 2050.3584956710224, 0.0, 5
319, 1587.1636418215187, Server_02, 4.0211812311925765, 2050.3584956710224, 0.0, 5
320, 1590.9410300277043, Server_02, 3.531593941666367, 2050.3584956709747, 0.0, 4
321, 1596.8741388112094, Server_02, 4.0211812311925765, 2050.3584956710224, 0.0, 5
322, 1600.651527017395, Server_02, 3.531593941666367, 2050.3584956709747, 0.0, 4
323, 1606.5846358009, Server_02, 4.0211812311925765, 2050.3584956710224, 0.0, 5
324, 1610.3620240070857, Server_02, 3.531593941666367, 2050.3584956709747, 0.0, 4
325, 1616.2951327905907, Server_02, 4.0211812311925765, 2050.3584956710224, 0.0, 5
326, 1622.2282415740958, Server_02, 4.0211812311925765, 2050.3584956710224, 0.0, 5
327, 1626.0056297802814, Server_02, 3.531593941666367, 2050.3584956709747, 0.0, 4
328, 1631.9387385637865, Server_02, 4.0211812311925765, 2050.3584956710224, 0.0, 5
329, 1635.716126769972, Server_02, 3.531593941666367, 2050.3584956709747, 0.0, 4
330, 1641.6492355534772, Server_02, 4.0211812311925765, 2050.3584956710224, 0.0, 5
331, 1645.4266237596628, Server_02, 3.531593941666367, 2050.3584956709747, 0.0, 4
332, 1651.3597325431679, Server_02, 4.0211812311925765, 2050.3584956710224, 0.0, 5
333, 1655.1371207493535, Server_02, 3.531593941666367, 2050.3584956709747, 0.0, 4
334, 1661.0702295328585, Server_02, 4.0211812311925765, 2050.3584956710224, 0.0, 5
335, 1667.0033383163636, Server_02, 4.0211812311925765, 2050.3584956710224, 0.0, 5
336, 1670.7807265225492, Server_02, 3.531593941666367, 2050.3584956709747, 0.0, 4
337, 1676.7138353060543, Server_02, 4.0211812311925765, 2050.3584956710224, 0.0, 5
338, 1680.49122351224, Server_02, 3.531593941666367, 2050.3584956709747, 0.0, 4
339, 1686.5124218579354, Server_02, 4.0211812311925765, 2020.3619448438817, 0.0, 5
340, 1690.633208991956, Server_02, 3.531593941666367, 1879.4952876983746, 0.0, 4
341, 1697.1056913012344, Server_02, 4.0211812311925765, 1879.4952876984134, 0.0, 5
342, 1701.226478435255, Server_02, 3.531593941666367, 1879.4952876983746, 0.0, 4
343, 1707.7685716311314, Server_02, 4.0211812311925765, 1859.4965916517358, 0.0, 5
344, 1712.0498451852447, Server_02, 3.531593941666367, 1809.0411421056704, 0.0, 4
345, 1716.3161746021503, Server_02, 3.531593941666367, 1815.3778677544128, 0.0, 4
346, 1720.286483931096, Server_02, 3.531593941666367, 1950.7296178498987, 0.0, 4
347, 1726.1205767531537, Server_02, 4.0211812311925765, 2085.1570880062304, 0.0, 5
348, 1731.6860114748033, Server_02, 4.0211812311925765, 2185.8130781191385, 0.0, 5
349, 1735.2977638397465, Server_02, 3.531593941666367, 2144.3884345935303, 0.0, 4
350, 1741.5724921209526, Server_02, 4.0211812311925765, 1938.7293687977412, 0.0, 5
351, 1745.8193935089812, Server_02, 3.531593941666367, 1823.6825610860662, 0.0, 4
352, 1752.375921359127, Server_02, 4.0211812311925765, 1855.4027799530295, 0.0, 5
353, 1756.320728958132, Server_02, 3.531593941666367, 1963.340367209225, 0.0, 4
354, 1760.138791726933, Server_02, 3.531593941666367, 2028.515629257681, 0.0, 4
355, 1766.2029254117401, Server_02, 4.0211812311925765, 2006.0573582798609, 0.0, 5
356, 1772.1360341952452, Server_02, 4.0211812311925765, 2050.3584956710224, 0.0, 5
357, 1775.9134224014308, Server_02, 3.531593941666367, 2050.3584956709747, 0.0, 4
358, 1781.8465311849359, Server_02, 4.0211812311925765, 2050.3584956710224, 0.0, 5
359, 1785.6239193911215, Server_02, 3.531593941666367, 2050.3584956709747, 0.0, 4
360, 1791.5570281746266, Server_02, 4.0211812311925765, 2050.3584956710224, 0.0, 5
361, 1795.3344163808122, Server_02, 3.531593941666367, 2050.3584956709747, 0.0, 4
362, 1801.2675251643172, Server_02, 4.0211812311925765, 2050.3584956710224, 0.0, 5
363, 1807.2006339478223, Server_02, 4.0211812311925765, 2050.3584956710224, 0.0, 5
364, 1810.978022154008, Server_02, 3.531593941666367, 2050.3584956709747, 0.0, 4
365, 1816.9265207518995, Server_02, 4.0211812311925765, 2045.0538568357197, 0.0, 5
366, 1820.8277409168945, Server_02, 3.531593941666367, 1985.2763167520052, 0.0, 4
367, 1827.0917876001317, Server_02, 4.0211812311925765, 1942.0353351698236, 0.0, 5
368, 1830.9045939882924, Server_02, 3.531593941666367, 2031.3121652464208, 0.0, 4
369, 1837.1848845686632, Server_02, 4.0211812311925765, 1937.0122837981496, 0.0, 5
370, 1841.3079031656655, Server_02, 3.531593941666367, 1878.4780659565931, 0.0, 4
371, 1847.7138436130945, Server_02, 4.0211812311925765, 1899.0185906087254, 0.0, 5
372, 1852.0666981219097, Server_02, 3.531593941666367, 1779.2921827079647, 0.0, 4
373, 1856.244431200577, Server_02, 3.531593941666367, 1853.8762180733784, 0.0, 4
374, 1862.9893071156082, Server_02, 4.0211812311925765, 1803.591371175563, 0.0, 5
375, 1866.5121706066989, Server_02, 3.531593941666367, 2198.4956327678074, 0.0, 4
376, 1870.0628319119578, Server_02, 3.531593941666367, 2181.283804379986, 0.0, 4
377, 1876.2565641509595, Server_02, 4.0211812311925765, 1964.082322351192, 0.0, 5
378, 1883.1049826167691, Server_02, 4.0211812311925765, 1776.3225277096058, 0.0, 5
379, 1887.5579920156997, Server_02, 3.531593941666367, 1739.2732209053943, 0.0, 4
380, 1891.6604400403276, Server_02, 3.531593941666367, 1887.8971661566843, 0.0, 4
381, 1895.4480541083383, Server_02, 3.531593941666367, 2044.8229045858714, 0.0, 4
382, 1901.5430233618938, Server_02, 4.0211812311925765, 1995.9083457071602, 0.0, 5
383, 1905.958708067076, Server_02, 3.531593941666367, 1753.9748684752105, 0.0, 4
384, 1912.837612554607, Server_02, 4.0211812311925765, 1768.4501975643, 0.0, 5
385, 1916.9828405717997, Server_02, 3.531593941666367, 1868.4135029187507, 0.0, 4
386, 1920.9333450573533, Server_02, 3.531593941666367, 1960.5091016406059, 0.0, 4
387, 1927.1549681031574, Server_02, 4.0211812311925765, 1955.277571534028, 0.0, 5
388, 1931.1569903506468, Server_02, 3.531593941666367, 1935.2716004662004, 0.0, 4
389, 1937.7892885651281, Server_02, 4.0211812311925765, 1834.2058222650815, 0.0, 5
390, 1942.1868367874267, Server_02, 3.531593941666367, 1761.2086572985133, 0.0, 4
391, 1946.540667482215, Server_02, 3.531593941666367, 1778.8932420525982, 0.0, 4
392, 1950.7195075902603, Server_02, 3.531593941666367, 1853.3851020260383, 0.0, 4
393, 1956.9683672866408, Server_02, 4.0211812311925765, 1946.755182716957, 0.0, 5
394, 1960.7954036251756, Server_02, 3.531593941666367, 2023.7592003020557, 0.0, 4
395, 1967.1326702509161, Server_02, 4.0211812311925765, 1919.5973151245569, 0.0, 5
396, 1971.4300726031433, Server_02, 3.531593941666367, 1802.2515383010411, 0.0, 4
397, 1975.9413791213228, Server_02, 3.531593941666367, 1716.7975549410157, 0.0, 4
398, 1982.990463340943, Server_02, 4.0211812311925765, 1725.7560870304649, 0.0, 5
399, 1987.0770259595333, Server_02, 3.531593941666367, 1895.235855378072, 0.0, 4
400, 1991.0568612978661, Server_02, 3.531593941666367, 1946.0604124502454, 0.0, 4
401, 1997.5498953083445, Server_02, 4.0211812311925765, 1873.5463237014148, 0.0, 5
402, 2001.7505047153975, Server_02, 3.531593941666367, 1843.7800922399156, 0.0, 4
403, 2006.3791155124202, Server_02, 3.531593941666367, 1673.2882369331803, 0.0, 4
404, 2010.935558546854, Server_02, 3.531593941666367, 1699.7908108297693, 0.0, 4
405, 2017.655386374865, Server_02, 4.0211812311925765, 1810.314238899311, 0.0, 5
406, 2021.603696687893, Server_02, 3.531593941666367, 1961.5986044572476, 0.0, 4
407, 2025.5600906753298, Server_02, 3.531593941666367, 1957.5906809568812, 0.0, 4
408, 2031.9345856856391, Server_02, 4.0211812311925765, 1908.3864651750027, 0.0, 5
409, 2035.9006967120636, Server_02, 3.531593941666367, 1952.7945507320767, 0.0, 4
410, 2042.2581683660514, Server_02, 4.0211812311925765, 1913.4965379466842, 0.0, 5
411, 2046.3097676833972, Server_02, 3.531593941666367, 1911.5908048562324, 0.0, 4
412, 2052.581751046464, Server_02, 4.0211812311925765, 1939.5778489520455, 0.0, 5
413, 2056.530838716567, Server_02, 3.531593941666367, 1961.2124741201653, 0.0, 4
414, 2060.47992638667, Server_02, 3.531593941666367, 1961.2124741201653, 0.0, 4
415, 2066.6827219330617, Server_02, 4.0211812311925765, 1961.2124741200596, 0.0, 5
416, 2070.6318096031646, Server_02, 3.531593941666367, 1961.2124741201653, 0.0, 4
417, 2076.8346051495564, Server_02, 4.0211812311925765, 1961.2124741200596, 0.0, 5
418, 2080.7836928196593, Server_02, 3.531593941666367, 1961.2124741201653, 0.0, 4
419, 2087.003561346395, Server_02, 4.0211812311925765, 1955.8291220641283, 0.0, 5
420, 2091.1815884346875, Server_02, 3.531593941666367, 1853.7457599791728, 0.0, 4
421, 2097.9237575068523, Server_02, 4.0211812311925765, 1804.315476190497, 0.0, 5
422, 2102.1991711244464, Server_02, 3.531593941666367, 1811.5206370041094, 0.0, 4
423, 2106.262718304195, Server_02, 3.531593941666367, 1905.9702416151317, 0.0, 4
424, 2112.5908385158323, Server_02, 4.0211812311925765, 1922.3718249898036, 0.0, 5
425, 2116.718299924466, Server_02, 3.531593941666367, 1876.4560666270982, 0.0, 4
426, 2121.064232491031, Server_02, 3.531593941666367, 1782.126133199942, 0.0, 4
427, 2127.9507636608373, Server_02, 4.0211812311925765, 1766.4916777457913, 0.0, 5
428, 2132.2365759841623, Server_02, 3.531593941666367, 1807.1253278751428, 0.0, 4
429, 2136.303917149556, Server_02, 3.531593941666367, 1904.1923667227154, 0.0, 4
430, 2142.6272302876923, Server_02, 4.0211812311925765, 1923.833239671828, 0.0, 5
431, 2146.748017421713, Server_02, 3.531593941666367, 1879.4952876983746, 0.0, 4
432, 2151.0784417170103, Server_02, 3.531593941666367, 1788.508347417812, 0.0, 4
433, 2157.9697799603173, Server_02, 4.0211812311925765, 1765.2594562188046, 0.0, 5
434, 2162.2622665582553, Server_02, 3.531593941666367, 1804.3154761905273, 0.0, 4
435, 2166.345115994917, Server_02, 3.531593941666367, 1896.959493645452, 0.0, 4
436, 2170.467531312671, Server_02, 3.531593941666367, 1878.7529647108765, 0.0, 4
437, 2177.2097003848357, Server_02, 4.0211812311925765, 1804.315476190497, 0.0, 5
438, 2181.56293787033, Server_02, 3.531593941666367, 1779.1356492282691, 0.0, 4
439, 2185.902615888112, Server_02, 3.531593941666367, 1784.694617495792, 0.0, 4
440, 2192.4874396317637, Server_02, 4.0211812311925765, 1847.4298589583507, 0.0, 5
441, 2196.6596287023795, Server_02, 3.531593941666367, 1856.3396502203318, 0.0, 4
442, 2200.6087163724824, Server_02, 3.531593941666367, 1961.2124741201653, 0.0, 4
443, 2206.811511918874, Server_02, 4.0211812311925765, 1961.2124741200596, 0.0, 5
444, 2210.79009429442, Server_02, 3.531593941666367, 1946.6732793077067, 0.0, 4
445, 2217.2673344345, Server_02, 4.0211812311925765, 1878.114711962871, 0.0, 5
446, 2221.452974624317, Server_02, 3.531593941666367, 1850.3740524190498, 0.0, 4
447, 2225.6465873857146, Server_02, 3.531593941666367, 1846.856264673041, 0.0, 4
448, 2232.0468499796266, Server_02, 4.0211812311925765, 1900.7032635772678, 0.0, 5
449, 2236.3185248156224, Server_02, 3.531593941666367, 1813.1061696774825, 0.0, 4
450, 2240.4864633469283, Server_02, 3.531593941666367, 1858.2327790648264, 0.0, 4
451, 2247.379416201455, Server_02, 4.0211812311925765, 1764.8459603217618, 0.0, 5
452, 2251.795948624552, Server_02, 3.531593941666367, 1753.6382070913369, 0.0, 4
453, 2256.1098531455195, Server_02, 3.531593941666367, 1795.3573062072633, 0.0, 4
454, 2262.754034918715, Server_02, 4.0211812311925765, 1830.9252237915473, 0.0, 5
455, 2266.9237236364843, Server_02, 3.531593941666367, 1857.4528038495484, 0.0, 4
456, 2271.0882834866393, Server_02, 3.531593941666367, 1859.7403516032405, 0.0, 4
457, 2277.7038449130355, Server_02, 4.0211812311925765, 1838.8462015425405, 0.0, 5
458, 2281.952334737248, Server_02, 3.531593941666367, 1823.0007180106345, 0.0, 4
459, 2286.363375213853, Server_02, 3.531593941666367, 1755.8215666070407, 0.0, 4
460, 2290.5376169735036, Server_02, 3.531593941666367, 1855.4267926849216, 0.0, 4
461, 2296.9940684720077, Server_02, 4.0211812311925765, 1884.1619119757318, 0.0, 5
462, 2300.7129431282533, Server_02, 3.531593941666367, 2082.6192641348684, 0.0, 4
463, 2306.7374189664756, Server_02, 4.0211812311925765, 2019.262808362364, 0.0, 5
464, 2310.6277678950746, Server_02, 3.531593941666367, 1990.8239960339886, 0.0, 4
465, 2317.0022629053838, Server_02, 4.0211812311925765, 1908.386465175071, 0.0, 5
466, 2320.9513505754867, Server_02, 3.531593941666367, 1961.2124741201653, 0.0, 4
467, 2327.195229973614, Server_02, 4.0211812311925765, 1948.3079707863285, 0.0, 5
468, 2331.0421446115097, Server_02, 3.531593941666367, 2013.301757128833, 0.0, 4
469, 2337.0774264272222, Server_02, 4.0211812311925765, 2015.6473834128237, 0.0, 5
470, 2341.010215180131, Server_02, 3.531593941666367, 1969.3404570157506, 0.0, 4
471, 2347.015144486467, Server_02, 4.0211812311925765, 2025.8356725640153, 0.0, 5
472, 2350.908710550934, Server_02, 3.531593941666367, 1989.1790383837347, 0.0, 4
473, 2357.33045639701, Server_02, 4.0211812311925765, 1894.344667569341, 0.0, 5
474, 2361.485408054618, Server_02, 3.531593941666367, 1864.040941563941, 0.0, 4
475, 2365.745835612416, Server_02, 3.531593941666367, 1817.8926633369435, 0.0, 4
476, 2372.3109799001895, Server_02, 4.0211812311925765, 1852.9676526158855, 0.0, 5
477, 2376.6034664981275, Server_02, 3.531593941666367, 1804.3154761905273, 0.0, 4
478, 2380.8959530960656, Server_02, 3.531593941666367, 1804.3154761905273, 0.0, 4
479, 2388.225369634887, Server_02, 4.0211812311925765, 1659.750122750693, 0.0, 5
480, 2392.748195822583, Server_02, 3.531593941666367, 1712.424859719295, 0.0, 4
481, 2397.212381884439, Server_02, 3.531593941666367, 1734.9187271061771, 0.0, 4
482, 2401.461959828595, Server_02, 3.531593941666367, 1822.5339320227806, 0.0, 4
483, 2405.0674657462623, Server_02, 3.531593941666367, 2148.103533001725, 0.0, 4
484, 2410.71436626438, Server_02, 4.0211812311925765, 2154.2791414458015, 0.0, 5
485, 2416.647475047885, Server_02, 4.0211812311925765, 2050.358495670944, 0.0, 5
486, 2420.4248632540707, Server_02, 3.531593941666367, 2050.3584956709747, 0.0, 4
487, 2426.357972037576, Server_02, 4.0211812311925765, 2050.358495670944, 0.0, 5
488, 2430.1353602437616, Server_02, 3.531593941666367, 2050.3584956709747, 0.0, 4
489, 2436.4571157633145, Server_02, 4.0211812311925765, 1924.3072533213679, 0.0, 5
490, 2440.9213018251703, Server_02, 3.531593941666367, 1734.9187271061771, 0.0, 4
491, 2447.9331576602217, Server_02, 4.0211812311925765, 1734.9187271062654, 0.0, 5
492, 2452.3973437220775, Server_02, 3.531593941666367, 1734.9187271061771, 0.0, 4
493, 2456.4728830478853, Server_02, 3.531593941666367, 1900.3619842301362, 0.0, 4
494, 2460.4401150117333, Server_02, 3.531593941666367, 1952.2427905848376, 0.0, 4
495, 2466.9125973210116, Server_02, 4.0211812311925765, 1879.4952876984134, 0.0, 5
496, 2471.2368083985452, Server_02, 3.531593941666367, 1791.0781553285049, 0.0, 4
497, 2478.420370625827, Server_02, 4.0211812311925765, 1693.449519209194, 0.0, 5
498, 2483.0562561516003, Server_02, 3.531593941666367, 1670.6624779541721, 0.0, 4
499, 2487.5971422708712, Server_02, 3.531593941666367, 1705.6142339996734, 0.0, 4
500, 2491.857904389214, Server_02, 3.531593941666367, 1817.749920057078, 0.0, 4
501, 2495.7650372454455, Server_02, 3.531593941666367, 1982.2719843395682, 0.0, 4
502, 2501.477663202808, Server_02, 4.0211812311925765, 2129.4935272843736, 0.0, 5
503, 2505.2550514089935, Server_02, 3.531593941666367, 2050.3584956709747, 0.0, 4
504, 2511.468733434343, Server_02, 4.0211812311925765, 1957.7763957620216, 0.0, 5
505, 2515.9168426954343, Server_02, 3.531593941666367, 1741.1892436517699, 0.0, 4
506, 2523.2347381235477, Server_02, 4.0211812311925765, 1662.3631916446002, 0.0, 5
507, 2527.870623649321, Server_02, 3.531593941666367, 1670.6624779541721, 0.0, 4
508, 2532.2259359332497, Server_02, 3.531593941666367, 1778.2880985547242, 0.0, 4
509, 2536.445629991692, Server_02, 3.531593941666367, 1835.4411226815928, 0.0, 4
510, 2540.9107061646396, Server_02, 3.531593941666367, 1734.5728717741206, 0.0, 4
511, 2547.7525828577354, Server_02, 4.0211812311925765, 1778.0209357288934, 0.0, 5
512, 2552.2167689195912, Server_02, 3.531593941666367, 1734.9187271061771, 0.0, 4
513, 2556.680954981447, Server_02, 3.531593941666367, 1734.9187271061771, 0.0, 4
514, 2561.0535032083876, Server_02, 3.531593941666367, 1771.278348007858, 0.0, 4
515, 2567.912017173113, Server_02, 4.0211812311925765, 1773.7078414605671, 0.0, 5
516, 2572.212919369633, Server_02, 3.531593941666367, 1800.7849623427524, 0.0, 4
517, 2576.6771054314886, Server_02, 3.531593941666367, 1734.9187271061771, 0.0, 4
518, 2581.1412914933444, Server_02, 3.531593941666367, 1734.9187271061771, 0.0, 4
519, 2587.669727640888, Server_02, 4.0211812311925765, 1863.3865331710344, 0.0, 5
520, 2591.790514774909, Server_02, 3.531593941666367, 1879.4952876983746, 0.0, 4
521, 2595.9113019089295, Server_02, 3.531593941666367, 1879.4952876983746, 0.0, 4
522, 2602.76198344921, Server_02, 4.0211812311925765, 1775.735732054127, 0.0, 5
523, 2607.7437399762707, Server_02, 3.531593941666367, 1554.67252522876, 0.0, 4
524, 2612.0399315825557, Server_02, 3.531593941666367, 1802.7594459869226, 0.0, 4
525, 2616.497937620735, Server_02, 3.531593941666367, 1737.323802092371, 0.0, 4
526, 2620.459868804064, Server_02, 3.531593941666367, 1954.8547517908958, 0.0, 4
527, 2626.564677051487, Server_02, 4.0211812311925765, 1992.6915812852785, 0.0, 5
528, 2630.3744511725477, Server_02, 3.531593941666367, 2032.928922789616, 0.0, 4
529, 2636.5329863389466, Server_02, 4.0211812311925765, 1975.3073858167588, 0.0, 5
530, 2640.7754654787386, Server_02, 3.531593941666367, 1825.583519635078, 0.0, 4
531, 2647.6874402919125, Server_02, 4.0211812311925765, 1759.9890521612083, 0.0, 5
532, 2652.294662185617, Server_02, 3.531593941666367, 1681.0564324203103, 0.0, 4
533, 2656.8877163391494, Server_02, 3.531593941666367, 1686.2418210427297, 0.0, 4
534, 2661.911949122471, Server_02, 3.531593941666367, 1541.5288928710074, 0.0, 4
535, 2665.0176314844716, Server_02, 3.0417973963282776, 1587.412821195343, 0.0, 3
536, 2670.8678302299954, Server_02, 4.0211812311925765, 2079.416534234475, 0.0, 5
537, 2676.724724174644, Server_02, 4.0211812311925765, 2077.039487989198, 0.0, 5
538, 2680.7182381814987, Server_02, 3.531593941666367, 1939.3947252234873, 0.0, 4
539, 2688.29729941206, Server_02, 4.0211812311925765, 1605.0800527836566, 0.0, 5
540, 2692.9630416705922, Server_02, 3.531593941666367, 1659.9716767116324, 0.0, 4
541, 2696.4344305067116, Server_02, 3.531593941666367, 2231.0954968266083, 0.0, 4
542, 2699.6967203211448, Server_02, 3.531593941666367, 2374.0993107767977, 0.0, 4
543, 2704.82076881599, Server_02, 4.0211812311925765, 2374.099310776978, 0.0, 5
544, 2710.0350008273444, Server_02, 4.0211812311925765, 2333.037727034348, 0.0, 5
545, 2717.1514300157196, Server_02, 4.0211812311925765, 1709.4247238308512, 0.0, 5
546, 2721.575865103486, Server_02, 3.531593941666367, 1750.5059620864697, 0.0, 4
547, 2726.02279652266, Server_02, 3.531593941666367, 1741.6504258657956, 0.0, 4
548, 2733.4760385845157, Server_02, 4.0211812311925765, 1632.1756222380343, 0.0, 5
549, 2738.072458224772, Server_02, 3.531593941666367, 1685.0071590869359, 0.0, 4
550, 2742.281790907079, Server_02, 3.531593941666367, 1839.9591062389866, 0.0, 4
551, 2746.230878577182, Server_02, 3.531593941666367, 1961.2124741201653, 0.0, 4
552, 2752.4989819949938, Server_02, 4.0211812311925765, 1940.7784443108183, 0.0, 5
553, 2756.6197691290145, Server_02, 3.531593941666367, 1879.4952876983746, 0.0, 4
554, 2760.740556263035, Server_02, 3.531593941666367, 1879.4952876983746, 0.0, 4
555, 2767.2130385723135, Server_02, 4.0211812311925765, 1879.4952876984134, 0.0, 5
556, 2771.333825706334, Server_02, 3.531593941666367, 1879.4952876983746, 0.0, 4
557, 2775.454612840355, Server_02, 3.531593941666367, 1879.4952876983746, 0.0, 4
558, 2781.9270951496333, Server_02, 4.0211812311925765, 1879.4952876984134, 0.0, 5
559, 2786.1028263616304, Server_02, 3.531593941666367, 1854.764975712078, 0.0, 4
560, 2793.3229884421535, Server_02, 4.0211812311925765, 1684.8652238453149, 0.0, 5
561, 2798.2184599969146, Server_02, 3.531593941666367, 1582.0743545057596, 0.0, 4
562, 2803.2361657208644, Server_02, 3.531593941666367, 1543.5341221850979, 0.0, 4
563, 2806.019354027009, Server_02, 3.0417973963282776, 1771.3497822321435, 0.0, 3
564, 2811.7682724009137, Server_02, 4.0211812311925765, 2116.0502217632106, 0.0, 5
565, 2815.3739611431815, Server_02, 3.531593941666367, 2147.9946145125973, 0.0, 4
566, 2821.0373831638003, Server_02, 4.0211812311925765, 2147.9946145123863, 0.0, 5
567, 2826.700805184419, Server_02, 4.0211812311925765, 2147.9946145123863, 0.0, 5
568, 2830.306493926687, Server_02, 3.531593941666367, 2147.9946145125973, 0.0, 4
569, 2836.064204495548, Server_02, 4.0211812311925765, 2112.8189502596656, 0.0, 5
570, 2842.1820222636106, Server_02, 4.0211812311925765, 1988.4541287754523, 0.0, 5
571, 2846.1311099337136, Server_02, 3.531593941666367, 1961.2124741201653, 0.0, 4
572, 2852.3339054801054, Server_02, 4.0211812311925765, 1961.2124741200596, 0.0, 5
573, 2856.2829931502083, Server_02, 3.531593941666367, 1961.2124741201653, 0.0, 4
574, 2862.4857886966, Server_02, 4.0211812311925765, 1961.2124741200596, 0.0, 5
575, 2866.434876366703, Server_02, 3.531593941666367, 1961.2124741201653, 0.0, 4
576, 2870.383964036806, Server_02, 3.531593941666367, 1961.2124741201653, 0.0, 4
577, 2876.586759583198, Server_02, 4.0211812311925765, 1961.2124741200596, 0.0, 5
578, 2880.5358472533007, Server_02, 3.531593941666367, 1961.2124741201653, 0.0, 4
579, 2886.7386427996926, Server_02, 4.0211812311925765, 1961.2124741200596, 0.0, 5
580, 2890.6877304697955, Server_02, 3.531593941666367, 1961.2124741201653, 0.0, 4
581, 2896.8905260161873, Server_02, 4.0211812311925765, 1961.2124741200596, 0.0, 5
582, 2900.8396136862902, Server_02, 3.531593941666367, 1961.2124741201653, 0.0, 4
583, 2907.042409232682, Server_02, 4.0211812311925765, 1961.2124741200596, 0.0, 5
584, 2910.991496902785, Server_02, 3.531593941666367, 1961.2124741201653, 0.0, 4
585, 2917.2639033357746, Server_02, 4.0211812311925765, 1939.447025629351, 0.0, 5
586, 2921.284743456504, Server_02, 3.531593941666367, 1926.2143650204496, 0.0, 4
587, 2927.587486016187, Server_02, 4.0211812311925765, 1930.112151147749, 0.0, 5
588, 2931.679603613466, Server_02, 3.531593941666367, 1892.6631055642238, 0.0, 4
589, 2935.6573608203107, Server_02, 3.531593941666367, 1947.077108344596, 0.0, 4
590, 2942.03185583062, Server_02, 4.0211812311925765, 1908.386465175071, 0.0, 5
591, 2945.9939913943467, Server_02, 3.531593941666367, 1954.7539137492065, 0.0, 4
592, 2952.355438511032, Server_02, 4.0211812311925765, 1912.3007354871907, 0.0, 5
593, 2956.3929639451817, Server_02, 3.531593941666367, 1918.2541698665443, 0.0, 4
594, 2960.4253133151556, Server_02, 3.531593941666367, 1920.7165077688157, 0.0, 4
595, 2966.7927663892337, Server_02, 4.0211812311925765, 1910.4970006804683, 0.0, 5
596, 2970.748895995568, Server_02, 3.531593941666367, 1957.7215032589224, 0.0, 4
597, 2977.1233910058772, Server_02, 4.0211812311925765, 1908.386465175071, 0.0, 5
598, 2981.1167642961677, Server_02, 3.531593941666367, 1939.4630646804876, 0.0, 4
599, 2987.4469736862898, Server_02, 4.0211812311925765, 1921.737378700751, 0.0, 5
600, 2991.5093523090814, Server_02, 3.531593941666367, 1906.5185004045222, 0.0, 4
601, 2995.5168484904134, Server_02, 3.531593941666367, 1932.6281672028078, 0.0, 4
602, 3001.8913435007225, Server_02, 4.0211812311925765, 1908.386465175071, 0.0, 5
603, 3005.8404311708255, Server_02, 3.531593941666367, 1961.2124741201653, 0.0, 4
604, 3012.2149261811346, Server_02, 4.0211812311925765, 1908.386465175071, 0.0, 5
605, 3016.1640138512375, Server_02, 3.531593941666367, 1961.2124741201653, 0.0, 4
606, 3022.3668093976294, Server_02, 4.0211812311925765, 1961.2124741200596, 0.0, 5
607, 3026.3158970677323, Server_02, 3.531593941666367, 1961.2124741201653, 0.0, 4
608, 3030.3345956244334, Server_02, 3.531593941666367, 1927.2408444483465, 0.0, 4
609, 3036.649064721074, Server_02, 4.0211812311925765, 1926.5277593126668, 0.0, 5
610, 3040.7277891914437, Server_02, 3.531593941666367, 1898.8779595837646, 0.0, 4
611, 3047.2020140376007, Server_02, 4.0211812311925765, 1878.9894217561498, 0.0, 5
612, 3051.2230713357735, Server_02, 3.531593941666367, 1926.1103301162752, 0.0, 4
613, 3057.7692658100004, Server_02, 4.0211812311925765, 1858.3315921784672, 0.0, 5
614, 3061.780384575469, Server_02, 3.531593941666367, 1930.8827419114352, 0.0, 4
615, 3065.9870394397058, Server_02, 3.531593941666367, 1841.1303636636399, 0.0, 4
616, 3072.4016901593554, Server_02, 4.0211812311925765, 1896.4399671420265, 0.0, 5
617, 3076.5061222223712, Server_02, 3.531593941666367, 1886.9845769378494, 0.0, 4
618, 3080.6039731991023, Server_02, 3.531593941666367, 1890.0150454417972, 0.0, 4
619, 3087.022675186942, Server_02, 4.0211812311925765, 1895.2429982022886, 0.0, 5
620, 3091.233975402943, Server_02, 3.531593941666367, 1839.0994711258138, 0.0, 4
621, 3097.6091706411694, Server_02, 4.0211812311925765, 1908.1768550486838, 0.0, 5
622, 3101.7891731089694, Server_02, 3.531593941666367, 1852.8697194947522, 0.0, 4
623, 3105.80952233349, Server_02, 3.531593941666367, 1926.4495613372387, 0.0, 4
624, 3112.2844552532993, Server_02, 4.0211812311925765, 1878.7839427312813, 0.0, 5
625, 3116.4346066572607, Server_02, 3.531593941666367, 1866.196975996385, 0.0, 4
626, 3120.52602952134, Server_02, 3.531593941666367, 1892.9844841991135, 0.0, 4
627, 3127.307009210208, Server_02, 4.0211812311925765, 1793.9885618550202, 0.0, 5
628, 3132.1855058158626, Server_02, 3.531593941666367, 1587.579253621463, 0.0, 4
629, 3137.082989804653, Server_02, 3.531593941666367, 1581.4242614630061, 0.0, 4
630, 3141.805271378179, Server_02, 3.531593941666367, 1640.0970334806382, 0.0, 4
631, 3146.703122060127, Server_02, 3.531593941666367, 1581.3058631096376, 0.0, 4
632, 3151.3233679164964, Server_0, 3.531593941666367, 1676.3177200457676, 0.0, 4
633, 3155.939753510654, Server_02, 3.531593941666367, 1677.7194716580339, 0.0, 4
634, 3162.587109348459, Server_02, 4.0211812311925765, 1830.0509701640126, 0.0, 5
635, 3166.4831876376907, Server_02, 3.531593941666367, 1987.896398644259, 0.0, 4
636, 3171.1453280022106, Server_02, 3.531593941666367, 1661.2541438995308, 0.0, 4
637, 3178.157183837262, Server_02, 4.0211812311925765, 1734.9187271062654, 0.0, 5
638, 3182.621369899118, Server_02, 3.531593941666367, 1734.9187271061771, 0.0, 4
639, 3187.0855559609736, Server_02, 3.531593941666367, 1734.9187271061771, 0.0, 4
640, 3191.5497420228294, Server_02, 3.531593941666367, 1734.9187271061771, 0.0, 4
641, 3196.013928084685, Server_02, 3.531593941666367, 1734.9187271061771, 0.0, 4
642, 3203.297381226773, Server_02, 4.0211812311925765, 1670.2242415351323, 0.0, 5
643, 3208.0980356507657, Server_02, 3.531593941666367, 1613.3217090761038, 0.0, 4
644, 3212.9056206404566, Server_02, 3.531593941666367, 1610.9959608842958, 0.0, 4
645, 3217.2333604922133, Server_02, 3.531593941666367, 1789.6177370403398, 0.0, 4
646, 3221.3423778758265, Server_02, 3.531593941666367, 1884.8788595752876, 0.0, 4
647, 3225.301066860155, Server_02, 3.531593941666367, 1956.4557939915226, 0.0, 4
648, 3231.503862406547, Server_02, 4.0211812311925765, 1961.2124741200596, 0.0, 5
649, 3235.45295007665, Server_02, 3.531593941666367, 1961.2124741201653, 0.0, 4
650, 3241.6557456230416, Server_02, 4.0211812311925765, 1961.2124741200596, 0.0, 5
651, 3245.6048332931446, Server_02, 3.531593941666367, 1961.2124741201653, 0.0, 4
652, 3252.325943468866, Server_02, 4.0211812311925765, 1809.9688417462844, 0.0, 5
653, 3256.9618289946393, Server_02, 3.531593941666367, 1670.6624779541721, 0.0, 4
654, 3261.5977145204124, Server_02, 3.531593941666367, 1670.6624779541721, 0.0, 4
655, 3266.297638809905, Server_02, 3.531593941666367, 1647.8988858001576, 0.0, 4
656, 3273.84886817073, Server_02, 4.0211812311925765, 1610.995960884322, 0.0, 5
657, 3278.592258962612, Server_02, 3.531593941666367, 1632.7982111983813, 0.0, 4
658, 3282.862364968969, Server_02, 3.531593941666367, 1813.7723017812937, 0.0, 4
659, 3287.2160135058703, Server_02, 3.531593941666367, 1778.967671449291, 0.0, 4
660, 3291.6293414796173, Server_02, 3.531593941666367, 1754.9114967370572, 0.0, 4
661, 3295.9218280775553, Server_02, 3.531593941666367, 1804.3154761905273, 0.0, 4
662, 3302.66399714972, Server_02, 4.0211812311925765, 1804.315476190497, 0.0, 5
663, 3306.9564837476582, Server_02, 3.531593941666367, 1804.3154761905273, 0.0, 4
664, 3311.2489703455963, Server_02, 3.531593941666367, 1804.3154761905273, 0.0, 4
665, 3317.991139417761, Server_02, 4.0211812311925765, 1804.315476190497, 0.0, 5
666, 3322.3532369022973, Server_02, 3.531593941666367, 1775.5219885516783, 0.0, 4
667, 3326.683788218309, Server_02, 3.531593941666367, 1788.4558881368796, 0.0, 4
668, 3331.109909562091, Server_02, 3.531593941666367, 1749.8390573679708, 0.0, 4
669, 3337.976637434728, Server_02, 4.0211812311925765, 1771.5861507306574, 0.0, 5
670, 3342.316264696112, Server_02, 3.531593941666367, 1784.715491332462, 0.0, 4
671, 3346.72215152051, Server_02, 3.531593941666367, 1757.8753855207626, 0.0, 4
672, 3351.142548242504, Server_02, 3.531593941666367, 1752.1051812984804, 0.0, 4
673, 3358.1673168189295, Server_02, 4.0211812311925765, 1731.7296459878178, 0.0, 5
674, 3362.548717403919, Server_02, 3.531593941666367, 1767.6995859575345, 0.0, 4
675, 3367.0890181932614, Server_02, 3.531593941666367, 1705.8341196645229, 0.0, 4
676, 3371.4703552827664, Server_02, 3.531593941666367, 1767.725203922858, 0.0, 4
677, 3376.0107017074192, Server_02, 3.531593941666367, 1705.8169742173736, 0.0, 4
678, 3382.9543835390464, Server_02, 4.0211812311925765, 1751.9523928344106, 0.0, 5
679, 3387.462915087865, Server_02, 3.531593941666367, 1717.8542317241756, 0.0, 4
680, 3391.8665942514476, Server_02, 3.531593941666367, 1758.7566469531382, 0.0, 4
681, 3396.391287211576, Server_02, 3.531593941666367, 1711.718357079424, 0.0, 4
682, 3400.7783736883603, Server_02, 3.531593941666367, 1765.408555538052, 0.0, 4
683, 3407.784669105493, Server_02, 4.0211812311925765, 1736.2956135495988, 0.0, 5
684, 3412.324449316595, Server_02, 3.531593941666367, 1706.0297282806134, 0.0, 4
685, 3416.707683628867, Server_02, 3.531593941666367, 1766.9600683485135, 0.0, 4
686, 3421.3548213541135, Server_02, 3.531593941666367, 1666.6172723747359, 0.0, 4
687, 3425.915062607164, Server_02, 3.531593941666367, 1698.3750574202254, 0.0, 4
688, 3433.2592293401567, Server_02, 4.0211812311925765, 1656.416642251676, 0.0, 5
689, 3437.846218910465, Server_02, 3.531593941666367, 1688.4712470536035, 0.0, 4
690, 3442.600611278301, Server_02, 3.531593941666367, 1629.0199463542976, 0.0, 4
691, 3447.1933153050895, Server_02, 3.531593941666367, 1686.3703724047623, 0.0, 4
692, 3451.387310348575, Server_02, 3.531593941666367, 1846.6879239713492, 0.0, 4
693, 3455.791344535634, Server_02, 3.531593941666367, 1758.6148678768357, 0.0, 4
694, 3463.3936082494756, Server_02, 4.0211812311925765, 1600.1812694093708, 0.0, 5
695, 3468.392931867664, Server_02, 3.531593941666367, 1549.209571435247, 0.0, 4
696, 3472.9077842684433, Server_02, 3.531593941666367, 1715.449213503305, 0.0, 4
697, 3477.750136226431, Server_02, 3.531593941666367, 1599.4293820844703, 0.0, 4
698, 3481.872516702431, Server_02, 3.531593941666367, 1878.7688436549947, 0.0, 4
699, 3486.152088122111, Server_02, 3.531593941666367, 1809.7606607016573, 0.0, 4
700, 3493.2556343045403, Server_02, 4.0211812311925765, 1712.5249400208022, 0.0, 5
701, 3498.3398184503244, Server_02, 3.531593941666367, 1523.351589541128, 0.0, 4
702, 3501.2973467756237, Server_02, 3.0417973963282776, 1666.9324712219036, 0.0, 3
703, 3509.4072497505276, Server_02, 4.0211812311925765, 1500.017945670203, 0.0, 5
704, 3511.5023881245866, Server_02, 3.0417973963282776, 2353.0665377719465, 0.0, 3
705, 3516.514460345947, Server_0, 3.531593941666367, 1545.2690340319157, 0.0, 4
706, 3519.575467466855, Server_0, 3.0417973963282776, 1610.5810294677024, 0.0, 3
707, 3527.0376410970484, Server_0, 4.0211812311925765, 1630.2220509555266, 0.0, 5
708, 3531.921289120033, Server_0, 3.531593941666367, 1585.904627759492, 0.0, 4
709, 3536.515129068265, Server_0, 3.531593941666367, 1685.9533826337893, 0.0, 4
710, 3541.037050268087, Server_0, 3.531593941666367, 1712.7675732838982, 0.0, 4
711, 3548.538567645596, Server_0, 4.0211812311925765, 1621.6719082026752, 0.0, 5
712, 3553.307795216865, Server_0, 3.531593941666367, 1623.9527018289668, 0.0, 4
713, 3558.105949261479, Server_0, 3.531593941666367, 1614.1624316322093, 0.0, 4
714, 3562.9458332215654, Server_0, 3.531593941666367, 1600.2449777456675, 0.0, 4
715, 3567.7077538147496, Server_0, 3.531593941666367, 1626.4445927732486, 0.0, 4
716, 3572.6239440765694, Server_0, 3.531593941666367, 1575.4068877580596, 0.0, 4
717, 3577.386373643143, Server_0, 3.531593941666367, 1626.2707703564192, 0.0, 4
718, 3582.2064546083107, Server_0, 3.531593941666367, 1606.8194820729027, 0.0, 4
719, 3586.6270333930042, Server_0, 3.531593941666367, 1752.0330203857777, 0.0, 4
