0, 14.033087952828993, Server_01, 2.5526430912103453, 2881.5154304405596, 0.0, 2
1, 18.849959699800674, Server_01, 4.0211812311925765, 2525.4980076328607, 0.0, 5
2, 23.704321431759436, Server_01, 4.0211812311925765, 2505.993716931218, 0.0, 5
3, 28.695005567181784, Server_01, 4.0211812311925765, 2437.5415614177127, 0.0, 5
4, 33.621877555470775, Server_01, 4.0211812311925765, 2469.1122539647463, 0.0, 5
5, 38.47623928742954, Server_01, 4.0211812311925765, 2505.9937169312143, 0.0, 5
6, 43.42732266755518, Server_01, 4.0211812311925765, 2457.0379987604456, 0.0, 5
7, 48.85999424332033, Server_01, 4.0211812311925765, 2239.229784157651, 0.0, 5
8, 51.860695046260666, Server_01, 3.531593941666367, 2581.0637276501557, 0.0, 4
9, 56.36043726199306, Server_01, 4.0211812311925765, 2703.4882037170155, 0.0, 5
10, 60.94511223106523, Server_01, 4.0211812311925765, 2653.405112044816, 0.0, 5
11, 66.22724180035152, Server_01, 4.0211812311925765, 2303.0483899401406, 0.0, 5
12, 78.05642347875028, Server_0, 3.531593941666367, 654.7367527665189, 0.0, 4
13, 78.88443361668425, Server_01, 2.063532775625675, 2415.4293629669114, 0.0, 1
14, 88.2281746995112, Server_0, 3.531593941666367, 828.8971121251091, 0.0, 4
15, 90.54742671265564, Server_0, 2.063532775625675, 862.3469931964856, 0.0, 1
16, 92.01075394019081, Server_01, 2.5526430912103453, 2145.7948303804956, 0.0, 2
17, 95.52394399253086, Server_01, 3.531593941666367, 2204.5491091042013, 0.0, 4
18, 98.66297233677633, Server_01, 3.531593941666367, 2467.324009417844, 0.0, 4
19, 104.01438657709299, Server_01, 4.0211812311925765, 2273.2308607976806, 0.0, 5
20, 107.12934647849531, Server_01, 3.531593941666367, 2486.388346929699, 0.0, 4
21, 112.16765793950988, Server_01, 4.0211812311925765, 2414.49940007288, 0.0, 5
22, 115.60996405317448, Server_01, 3.531593941666367, 2249.9451659035785, 0.0, 4
23, 119.73633347716036, Server_01, 3.531593941666367, 1876.9526438858438, 0.0, 4
24, 124.16702789685172, Server_01, 3.531593941666367, 1748.0329867884473, 0.0, 4
25, 128.70326017360296, Server_01, 3.531593941666367, 1707.3640694490239, 0.0, 4
26, 133.20720768002266, Server_01, 3.531593941666367, 1719.6026350130983, 0.0, 4
27, 137.71408920243496, Server_01, 3.531593941666367, 1718.483159915529, 0.0, 4
28, 142.67423705844726, Server_01, 3.531593941666367, 1561.4453892966364, 0.0, 4
29, 147.50066861556374, Server_01, 3.531593941666367, 1604.7052378853584, 0.0, 4
30, 152.3658539948855, Server_01, 3.531593941666367, 1591.9228962822601, 0.0, 4
31, 157.18544948154315, Server_01, 3.531593941666367, 1606.9813372182193, 0.0, 4
32, 162.00238508469468, Server_01, 3.531593941666367, 1607.8687028601225, 0.0, 4
33, 166.93984123412048, Server_01, 3.531593941666367, 1568.6215260667589, 0.0, 4
34, 171.83367425134952, Server_01, 3.531593941666367, 1582.6040595854513, 0.0, 4
35, 177.08266177244744, Server_01, 3.531593941666367, 1475.522654391832, 0.0, 4
36, 180.404263448158, Server_01, 3.0417973963282776, 1484.2237213603823, 0.0, 3
37, 183.88878861780827, Server_01, 3.0417973963282776, 1414.8269161432945, 0.0, 3
38, 189.06517673958774, Server_01, 3.531593941666367, 1496.217018081235, 0.0, 4
39, 192.29675047315789, Server_01, 3.0417973963282776, 1525.5724939172242, 0.0, 3
40, 197.0828179145862, Server_01, 3.531593941666367, 1618.238793076565, 0.0, 4
41, 205.40453160003113, Server_01, 4.0211812311925765, 1461.8383255935798, 0.0, 5
42, 208.7513621903858, Server_01, 3.0417973963282776, 1473.035418705659, 0.0, 3
43, 214.1980321820832, Server_01, 3.531593941666367, 1421.9697561640487, 0.0, 4
44, 217.76338154249407, Server_01, 3.0417973963282776, 1382.7536944182875, 0.0, 3
45, 223.3929611132028, Server_01, 3.531593941666367, 1375.7688123457779, 0.0, 4
46, 229.12574205799558, Server_01, 3.531593941666367, 1351.0022578195608, 0.0, 4
47, 232.81416242680643, Server_01, 3.0417973963282776, 1336.6155446076318, 0.0, 3
48, 239.2540296159943, Server_01, 3.531593941666367, 1202.664553859644, 0.0, 4
49, 243.37291830884175, Server_01, 3.0417973963282776, 1196.9247939525733, 0.0, 3
50, 249.9919309385527, Server_01, 3.531593941666367, 1170.1140990779772, 0.0, 4
51, 254.17131802962862, Server_01, 3.0417973963282776, 1179.5988006296059, 0.0, 3
52, 258.2527244266923, Server_01, 3.0417973963282776, 1207.9169581218023, 0.0, 3
53, 265.25944199632517, Server_01, 3.531593941666367, 1105.3678021170474, 0.0, 4
54, 269.7179464934887, Server_01, 3.0417973963282776, 1105.751940619651, 0.0, 3
55, 274.22010241108967, Server_01, 3.0417973963282776, 1095.0309341190016, 0.0, 3
56, 278.45994001868195, Server_01, 3.0417973963282776, 1162.7803836571118, 0.0, 3
57, 284.98785908456847, Server_01, 3.531593941666367, 1186.4424055858285, 0.0, 4
58, 289.17259151518994, Server_01, 3.0417973963282776, 1178.092048114019, 0.0, 3
59, 293.34265615945674, Server_01, 3.0417973963282776, 1182.2358693594817, 0.0, 3
60, 300.201145227106, Server_01, 3.531593941666367, 1129.2574681692379, 0.0, 4
61, 304.48009941163946, Server_01, 3.0417973963282776, 1152.1506862166889, 0.0, 3
62, 308.8471888933552, Server_01, 3.0417973963282776, 1128.8983247632184, 0.0, 3
63, 315.6223635709454, Server_01, 3.531593941666367, 1143.1439584307143, 0.0, 4
64, 319.90807096288756, Server_01, 3.0417973963282776, 1150.3351837013513, 0.0, 3
65, 324.2743791989932, Server_01, 3.0417973963282776, 1129.1003139066383, 0.0, 3
66, 328.75410510839754, Server_01, 3.0417973963282776, 1100.513759033869, 0.0, 3
67, 335.7117313425619, Server_01, 3.531593941666367, 1113.1670111811059, 0.0, 4
68, 340.11507404445683, Server_01, 3.0417973963282776, 1119.6039767421307, 0.0, 3
69, 344.56129120905456, Server_01, 3.0417973963282776, 1108.8077386894897, 0.0, 3
70, 348.9634632339681, Server_01, 3.0417973963282776, 1119.9017149032913, 0.0, 3
71, 355.92522384993237, Server_01, 3.531593941666367, 1112.5059345246216, 0.0, 4
72, 360.31332611044166, Server_01, 3.0417973963282776, 1123.492504804983, 0.0, 3
73, 364.84731376083954, Server_01, 3.0417973963282776, 1087.3430587238968, 0.0, 3
74, 369.3660602071995, Server_01, 3.0417973963282776, 1091.0105398746873, 0.0, 3
75, 374.0111149203753, Server_01, 3.0417973963282776, 1061.3437955888767, 0.0, 3
76, 381.05225846795366, Server_01, 3.531593941666367, 1099.9633720951056, 0.0, 4
77, 385.4757318809816, Server_01, 3.0417973963282776, 1114.5087897398157, 0.0, 3
78, 389.89905360599704, Server_01, 3.0417973963282776, 1114.5470093479973, 0.0, 3
79, 394.38148169113805, Server_01, 3.0417973963282776, 1099.8503280716684, 0.0, 3
80, 398.78313837880694, Server_01, 3.0417973963282776, 1120.0328307773862, 0.0, 3
81, 405.7304948045401, Server_01, 3.531593941666367, 1114.812530894821, 0.0, 4
82, 410.1953466358057, Server_01, 3.0417973963282776, 1104.1799787122038, 0.0, 3
83, 414.583270392169, Server_01, 3.0417973963282776, 1123.5382093525625, 0.0, 3
84, 419.0487410890639, Server_01, 3.0417973963282776, 1104.0269513868084, 0.0, 3
85, 423.5493658640508, Server_01, 3.0417973963282776, 1095.4034709579578, 0.0, 3
86, 430.69833741044255, Server_01, 3.531593941666367, 1083.3726151713502, 0.0, 4
87, 435.1793719671436, Server_01, 3.0417973963282776, 1100.1923635307742, 0.0, 3
88, 439.66040652384464, Server_01, 3.0417973963282776, 1100.1923635307742, 0.0, 3
89, 444.13741472206596, Server_01, 3.0417973963282776, 1101.181811987447, 0.0, 3
90, 448.50915575299376, Server_01, 3.0417973963282776, 1127.6971726190545, 0.0, 3
91, 455.3771343096948, Server_01, 3.531593941666367, 1127.6971726190498, 0.0, 4
92, 459.7488753406226, Server_01, 3.0417973963282776, 1127.6971726190545, 0.0, 3
93, 464.1206163715504, Server_01, 3.0417973963282776, 1127.6971726190545, 0.0, 3
94, 468.4923574024782, Server_01, 3.0417973963282776, 1127.6971726190545, 0.0, 3
95, 475.5223298873531, Server_01, 3.531593941666367, 1101.711282179763, 0.0, 4
96, 480.00336444405417, Server_01, 3.0417973963282776, 1100.1923635307742, 0.0, 3
97, 484.4843990007552, Server_01, 3.0417973963282776, 1100.1923635307742, 0.0, 3
98, 488.96543355745627, Server_01, 3.0417973963282776, 1100.1923635307742, 0.0, 3
99, 495.9524111756741, Server_01, 3.531593941666367, 1108.4907413765977, 0.0, 4
100, 500.3615300002393, Server_01, 3.0417973963282776, 1118.1372505845661, 0.0, 3
101, 504.860393200283, Server_01, 3.0417973963282776, 1095.8323871577475, 0.0, 3
102, 509.45072128275723, Server_01, 3.0417973963282776, 1073.9973072562352, 0.0, 3
103, 514.0410493652314, Server_01, 3.0417973963282776, 1073.9973072562484, 0.0, 3
104, 518.6313774477056, Server_01, 3.0417973963282776, 1073.9973072562352, 0.0, 3
105, 525.8061353328128, Server_01, 3.531593941666367, 1079.478934902667, 0.0, 4
106, 530.2406583899003, Server_01, 3.0417973963282776, 1111.731732259365, 0.0, 3
107, 534.6127969699019, Server_01, 3.0417973963282776, 1127.5946335621995, 0.0, 3
108, 538.9845380008297, Server_01, 3.0417973963282776, 1127.69717261904, 0.0, 3
109, 545.8525165575307, Server_01, 3.531593941666367, 1127.6971726190498, 0.0, 4
110, 550.2242575884586, Server_01, 3.0417973963282776, 1127.69717261904, 0.0, 3
111, 554.5959986193865, Server_01, 3.0417973963282776, 1127.69717261904, 0.0, 3
112, 559.0557625975017, Server_01, 3.0417973963282776, 1105.4396654603895, 0.0, 3
113, 563.6460906799759, Server_01, 3.0417973963282776, 1073.9973072562352, 0.0, 3
114, 570.857468164512, Server_01, 3.531593941666367, 1073.997307256231, 0.0, 4
115, 575.3991815510487, Server_01, 3.0417973963282776, 1085.4934207460867, 0.0, 3
116, 579.8117463221367, Server_01, 3.0417973963282776, 1117.2640529386306, 0.0, 3
117, 584.1461239902616, Server_01, 3.0417973963282776, 1137.4181895258916, 0.0, 3
118, 588.5291257545775, Server_01, 3.0417973963282776, 1124.7999122741408, 0.0, 3
119, 596.0722946638843, Server_01, 3.531593941666367, 1026.756803820761, 0.0, 4
120, 600.881209797905, Server_01, 3.0417973963282776, 1025.179247835503, 0.0, 3
121, 605.7223580248861, Server_01, 3.0417973963282776, 1018.3534502256299, 0.0, 3
122, 610.3325207048694, Server_01, 3.0417973963282776, 1069.3765800077929, 0.0, 3
123, 614.981693756748, Server_01, 3.0417973963282776, 1060.4036341490676, 0.0, 3
124, 619.2236445958263, Server_01, 3.0417973963282776, 1162.201116190022, 0.0, 3
125, 623.4185949054878, Server_01, 3.0417973963282776, 1175.2225023132128, 0.0, 3
126, 630.9875990036101, Server_01, 3.531593941666367, 1023.2521874207199, 0.0, 4
127, 635.8243920709054, Server_01, 3.0417973963282776, 1019.2703990862958, 0.0, 3
128, 640.7117449656749, Server_01, 3.0417973963282776, 1008.7260130685773, 0.0, 3
129, 645.4800747033481, Server_01, 3.0417973963282776, 1033.9050089278655, 0.0, 3
130, 650.3108234370659, Server_01, 3.0417973963282776, 1020.5457314700462, 0.0, 3
131, 654.9586349463417, Server_01, 3.0417973963282776, 1060.714271687011, 0.0, 3
132, 659.3550916407604, Server_01, 3.0417973963282776, 1121.3575710318335, 0.0, 3
133, 664.0902652457697, Server_01, 3.0417973963282776, 1041.1445094187407, 0.0, 3
134, 668.9084504534297, Server_01, 3.0417973963282776, 1023.2068273677457, 0.0, 3
135, 676.5632503179347, Server_01, 3.531593941666367, 1011.7834740413364, 0.0, 4
136, 681.44297291606, Server_01, 3.0417973963282776, 1010.3033319750778, 0.0, 3
137, 686.2903741117491, Server_01, 3.0417973963282776, 1017.0398118448111, 0.0, 3
138, 691.163766756912, Server_01, 3.0417973963282776, 1011.615594916881, 0.0, 3
139, 695.7203178959519, Server_01, 3.0417973963282776, 1081.9586677652785, 0.0, 3
140, 700.4030797991081, Server_01, 3.0417973963282776, 1052.7974947171936, 0.0, 3
141, 705.3004239487003, Server_01, 3.0417973963282776, 1006.6680734312971, 0.0, 3
142, 710.0698416386572, Server_01, 3.0417973963282776, 1033.6691647664402, 0.0, 3
143, 714.804045992714, Server_01, 3.0417973963282776, 1041.3576667376833, 0.0, 3
144, 719.5783783809252, Server_01, 3.0417973963282776, 1032.6051056213007, 0.0, 3
145, 724.3076593396454, Server_01, 3.0417973963282776, 1042.4417671590622, 0.0, 3
146, 729.0869151231932, Server_01, 3.0417973963282776, 1031.5413577509553, 0.0, 3
147, 733.7924825801533, Server_01, 3.0417973963282776, 1047.6951069329398, 0.0, 3
148, 740.9618492973533, Server_01, 3.531593941666367, 1080.2906735707945, 0.0, 4
149, 745.6290913571127, Server_01, 3.0417973963282776, 1056.2983314077753, 0.0, 3
150, 750.1383343128236, Server_01, 3.0417973963282776, 1093.3099077653644, 0.0, 3
151, 754.8467451761029, Server_01, 3.0417973963282776, 1047.062404525678, 0.0, 3
152, 759.6556603101235, Server_01, 3.0417973963282776, 1025.179247835503, 0.0, 3
153, 764.4645754441441, Server_01, 3.0417973963282776, 1025.179247835503, 0.0, 3
154, 769.2734905781647, Server_01, 3.0417973963282776, 1025.179247835503, 0.0, 3
155, 774.0824057121853, Server_01, 3.0417973963282776, 1025.179247835503, 0.0, 3
156, 778.7712949695295, Server_01, 3.0417973963282776, 1051.4217183265894, 0.0, 3
157, 786.2067811144346, Server_01, 3.531593941666367, 1041.6265794950052, 0.0, 4
158, 791.0156962484552, Server_01, 3.0417973963282776, 1025.179247835503, 0.0, 3
159, 795.8246113824758, Server_01, 3.0417973963282776, 1025.179247835503, 0.0, 3
160, 800.5651987844097, Server_01, 3.0417973963282776, 1039.9555122617974, 0.0, 3
161, 805.3272319911819, Server_01, 3.0417973963282776, 1035.272075169282, 0.0, 3
162, 809.7875039801804, Server_01, 3.0417973963282776, 1105.3137593761203, 0.0, 3
163, 814.2836571138929, Server_01, 3.0417973963282776, 1096.4929025736474, 0.0, 3
164, 819.0925722479135, Server_01, 3.0417973963282776, 1025.179247835503, 0.0, 3
165, 823.9014873819341, Server_01, 3.0417973963282776, 1025.179247835503, 0.0, 3
166, 831.4562637943052, Server_01, 3.531593941666367, 1025.1792478355028, 0.0, 4
167, 836.2651789283258, Server_01, 3.0417973963282776, 1025.179247835503, 0.0, 3
168, 841.0740940623464, Server_01, 3.0417973963282776, 1025.179247835503, 0.0, 3
169, 845.883009196367, Server_01, 3.0417973963282776, 1025.179247835503, 0.0, 3
170, 850.6919243303876, Server_01, 3.0417973963282776, 1025.179247835503, 0.0, 3
171, 855.5008394644082, Server_01, 3.0417973963282776, 1025.179247835503, 0.0, 3
172, 860.1310925359979, Server_01, 3.0417973963282776, 1064.7366188793014, 0.0, 3
173, 864.8870666023156, Server_01, 3.0417973963282776, 1036.5910182132423, 0.0, 3
174, 869.5959420188636, Server_01, 3.0417973963282776, 1046.9591067699262, 0.0, 3
175, 874.2662445549814, Server_01, 3.0417973963282776, 1055.6061329804315, 0.0, 3
176, 878.8703403751769, Server_01, 3.0417973963282776, 1070.7857074509673, 0.0, 3
177, 886.2072281055372, Server_01, 3.531593941666367, 1055.6247123628298, 0.0, 4
178, 890.9279194030668, Server_01, 3.0417973963282776, 1044.3385701962657, 0.0, 3
179, 895.6064151116825, Server_01, 3.0417973963282776, 1053.7575124673294, 0.0, 3
180, 900.3149099150812, Server_01, 3.0417973963282776, 1047.0437381477843, 0.0, 3
181, 905.0151756722971, Server_01, 3.0417973963282776, 1048.876862426642, 0.0, 3
182, 909.8151644159669, Server_01, 3.0417973963282776, 1027.08574192005, 0.0, 3
183, 914.5237124145652, Server_01, 3.0417973963282776, 1047.0319090869666, 0.0, 3
184, 919.3679622772461, Server_01, 3.0417973963282776, 1017.7014274139248, 0.0, 3
185, 924.1768774112667, Server_01, 3.0417973963282776, 1025.179247835503, 0.0, 3
186, 928.9857925452873, Server_01, 3.0417973963282776, 1025.179247835503, 0.0, 3
187, 936.5405689576584, Server_01, 3.531593941666367, 1025.1792478355028, 0.0, 4
188, 941.349484091679, Server_01, 3.0417973963282776, 1025.179247835503, 0.0, 3
189, 946.1474637671462, Server_01, 3.0417973963282776, 1027.5158157104795, 0.0, 3
190, 950.7757686756507, Server_01, 3.0417973963282776, 1065.184791723871, 0.0, 3
191, 955.3928781068654, Server_01, 3.0417973963282776, 1067.7676311221906, 0.0, 3
192, 960.1190509899336, Server_01, 3.0417973963282776, 1043.127308707222, 0.0, 3
193, 964.8623598575833, Server_01, 3.0417973963282776, 1039.3588394851436, 0.0, 3
194, 969.5619814658307, Server_01, 3.0417973963282776, 1049.0206256921397, 0.0, 3
195, 974.2616030740782, Server_01, 3.0417973963282776, 1049.0206256921397, 0.0, 3
196, 978.9612246823256, Server_01, 3.0417973963282776, 1049.0206256921397, 0.0, 3
197, 986.5489074386326, Server_01, 3.531593941666367, 1020.7332394810829, 0.0, 4
198, 991.5764096241995, Server_01, 3.0417973963282776, 980.6062370600514, 0.0, 3
199, 994.6795187547153, Server_01, 2.5526430912103453, 1011.888357106559, 0.0, 2
200, 999.3604526467323, Server_01, 3.0417973963282776, 1053.2086360817539, 0.0, 3
201, 1004.1296851415776, Server_01, 3.0417973963282776, 1033.7093034001573, 0.0, 3
202, 1008.829306749825, Server_01, 3.0417973963282776, 1049.0206256921397, 0.0, 3
203, 1016.2729117195605, Server_01, 3.531593941666367, 1040.4904655056187, 0.0, 4
204, 1021.0212988322992, Server_01, 3.0417973963282776, 1038.2472791180212, 0.0, 3
205, 1025.7757707548888, Server_01, 3.0417973963282776, 1036.918522239337, 0.0, 3
206, 1030.5298355745672, Server_01, 3.0417973963282776, 1037.007316264036, 0.0, 3
207, 1035.2799733940058, Server_01, 3.0417973963282776, 1037.8646235958433, 0.0, 3
208, 1040.0383723168352, Server_01, 3.0417973963282776, 1036.0627765669833, 0.0, 3
209, 1044.7806978619528, Server_01, 3.0417973963282776, 1039.574350832068, 0.0, 3
210, 1049.507226419928, Server_01, 3.0417973963282776, 1043.0488125754653, 0.0, 3
211, 1054.2068480281755, Server_01, 3.0417973963282776, 1049.0206256921142, 0.0, 3
212, 1058.906469636423, Server_01, 3.0417973963282776, 1049.0206256921142, 0.0, 3
213, 1066.4554110771987, Server_01, 3.531593941666367, 1025.9716624857203, 0.0, 4
214, 1071.2643262112194, Server_01, 3.0417973963282776, 1025.1792478354787, 0.0, 3
215, 1076.0732413452401, Server_01, 3.0417973963282776, 1025.1792478354787, 0.0, 3
216, 1080.8821564792609, Server_01, 3.0417973963282776, 1025.1792478354787, 0.0, 3
217, 1085.6910716132816, Server_01, 3.0417973963282776, 1025.1792478354787, 0.0, 3
218, 1090.4201296289846, Server_01, 3.0417973963282776, 1042.4909112194778, 0.0, 3
219, 1095.176467192276, Server_01, 3.0417973963282776, 1036.5117980794325, 0.0, 3
220, 1100.0771505584967, Server_01, 3.0417973963282776, 1005.9821521997227, 0.0, 3
221, 1105.1046527440637, Server_01, 3.0417973963282776, 980.6062370600292, 0.0, 3
222, 1108.1970555636885, Server_01, 2.5526430912103453, 1015.3916495202849, 0.0, 2
223, 1115.4084330482247, Server_01, 3.531593941666367, 1073.997307256231, 0.0, 4
224, 1119.9987611306988, Server_01, 3.0417973963282776, 1073.9973072562618, 0.0, 3
225, 1124.6442470524607, Server_01, 3.0417973963282776, 1061.2452783260428, 0.0, 3
226, 1129.3438686607083, Server_01, 3.0417973963282776, 1049.0206256921142, 0.0, 3
227, 1134.0434902689558, Server_01, 3.0417973963282776, 1049.0206256921142, 0.0, 3
228, 1138.7431118772033, Server_01, 3.0417973963282776, 1049.0206256921142, 0.0, 3
229, 1146.126188825657, Server_01, 3.531593941666367, 1049.0206256921294, 0.0, 4
230, 1150.8258104339045, Server_01, 3.0417973963282776, 1049.0206256921142, 0.0, 3
231, 1155.525432042152, Server_01, 3.0417973963282776, 1049.0206256921142, 0.0, 3
232, 1160.2250536503996, Server_01, 3.0417973963282776, 1049.0206256921142, 0.0, 3
233, 1164.924675258647, Server_01, 3.0417973963282776, 1049.0206256921142, 0.0, 3
234, 1169.6242968668946, Server_01, 3.0417973963282776, 1049.0206256921142, 0.0, 3
235, 1174.3239184751421, Server_01, 3.0417973963282776, 1049.0206256921142, 0.0, 3
236, 1179.0235400833897, Server_01, 3.0417973963282776, 1049.0206256921142, 0.0, 3
237, 1186.4697245799714, Server_01, 3.531593941666367, 1040.1300160579474, 0.0, 4
238, 1191.1758495266886, Server_01, 3.0417973963282776, 1047.5709964817202, 0.0, 3
239, 1195.9450820215338, Server_01, 3.0417973963282776, 1033.7093034001819, 0.0, 3
240, 1200.6447036297814, Server_01, 3.0417973963282776, 1049.0206256921142, 0.0, 3
241, 1205.3523367268813, Server_01, 3.0417973963282776, 1047.2353937347139, 0.0, 3
242, 1210.161251860902, Server_01, 3.0417973963282776, 1025.1792478354787, 0.0, 3
243, 1214.9701669949227, Server_01, 3.0417973963282776, 1025.1792478354787, 0.0, 3
244, 1219.7790821289434, Server_01, 3.0417973963282776, 1025.1792478354787, 0.0, 3
245, 1224.587997262964, Server_01, 3.0417973963282776, 1025.1792478354787, 0.0, 3
246, 1229.3969123969848, Server_01, 3.0417973963282776, 1025.1792478354787, 0.0, 3
247, 1234.2754384176035, Server_01, 3.0417973963282776, 1010.5511335111845, 0.0, 3
248, 1239.0843535516242, Server_01, 3.0417973963282776, 1025.1792478354787, 0.0, 3
249, 1243.9628795722429, Server_01, 3.0417973963282776, 1010.5511335111845, 0.0, 3
250, 1251.517655984614, Server_01, 3.531593941666367, 1025.1792478354873, 0.0, 4
251, 1256.3206646325532, Server_01, 3.0417973963282776, 1026.4399590692735, 0.0, 3
252, 1261.200465739733, Server_01, 3.0417973963282776, 1010.2870776323729, 0.0, 3
253, 1266.118674399527, Server_01, 3.0417973963282776, 1002.3974867724712, 0.0, 3
254, 1271.0368830593209, Server_01, 3.0417973963282776, 1002.3974867724712, 0.0, 3
255, 1275.9550917191148, Server_01, 3.0417973963282776, 1002.3974867724712, 0.0, 3
256, 1280.8733003789087, Server_01, 3.0417973963282776, 1002.3974867724712, 0.0, 3
257, 1285.7915090387025, Server_01, 3.0417973963282776, 1002.3974867724712, 0.0, 3
258, 1290.7097176984964, Server_01, 3.0417973963282776, 1002.3974867724712, 0.0, 3
259, 1295.5712104032461, Server_01, 3.0417973963282776, 1014.0918231109059, 0.0, 3
260, 1300.413897583655, Server_01, 3.0417973963282776, 1018.0298285514752, 0.0, 3
261, 1305.2586515578853, Server_01, 3.0417973963282776, 1017.5955324507885, 0.0, 3
262, 1310.067566691906, Server_01, 3.0417973963282776, 1025.1792478354787, 0.0, 3
263, 1314.8764818259267, Server_01, 3.0417973963282776, 1025.1792478354787, 0.0, 3
264, 1319.6853969599474, Server_01, 3.0417973963282776, 1025.1792478354787, 0.0, 3
265, 1324.4461494197778, Server_01, 3.0417973963282776, 1035.5505860885698, 0.0, 3
266, 1329.166126620236, Server_01, 3.0417973963282776, 1044.4965707719005, 0.0, 3
267, 1333.9750417542566, Server_01, 3.0417973963282776, 1025.1792478354787, 0.0, 3
268, 1341.5298181666278, Server_01, 3.531593941666367, 1025.1792478354873, 0.0, 4
269, 1346.4247189382716, Server_01, 3.0417973963282776, 1007.1705699448694, 0.0, 3
270, 1351.3429275980654, Server_01, 3.0417973963282776, 1002.3974867724712, 0.0, 3
271, 1356.348522152397, Server_01, 3.0417973963282776, 984.8979869402083, 0.0, 3
272, 1359.550622935902, Server_01, 2.5526430912103453, 980.6062370600574, 0.0, 2
273, 1363.4871135489789, Server_0, 2.5526430912103453, 797.6648006143108, 0.0, 2
274, 1369.6122454589104, Server_0, 3.0417973963282776, 804.8806250207168, 0.0, 3
275, 1373.5362302090784, Server_0, 2.5526430912103453, 800.2069834408775, 0.0, 2
276, 1380.0526721543972, Server_0, 3.0417973963282776, 756.5478279970822, 0.0, 3
277, 1383.5769966080247, Server_0, 2.5526430912103453, 890.9508875574901, 0.0, 2
278, 1389.48327852953, Server_0, 3.0417973963282776, 834.7044833822497, 0.0, 3
279, 1393.482318762594, Server_0, 2.5526430912103453, 785.1883994660691, 0.0, 2
280, 1399.4565982617216, Server_0, 3.0417973963282776, 825.204110507378, 0.0, 3
281, 1403.1622755391752, Server_0, 2.5526430912103453, 847.3484777275916, 0.0, 2
282, 1409.2972716364327, Server_0, 3.0417973963282776, 803.5864932666929, 0.0, 3
283, 1413.0877125564737, Server_0, 2.5526430912103453, 828.3996680697677, 0.0, 2
284, 1419.2200274350223, Server_0, 3.0417973963282776, 803.9378436429544, 0.0, 3
285, 1423.180562441037, Server_0, 2.5526430912103453, 792.8221806476778, 0.0, 2
286, 1429.7050851995582, Server_0, 3.0417973963282776, 755.6108212759709, 0.0, 3
287, 1433.419105607876, Server_0, 2.5526430912103453, 845.4450042783252, 0.0, 2
288, 1439.7509676371315, Server_0, 3.0417973963282776, 778.6019305571756, 0.0, 3
289, 1443.8647846909903, Server_0, 2.5526430912103453, 763.2813902248328, 0.0, 2
290, 1448.7903374943182, Server_0, 3.0417973963282776, 1000.9028827523784, 0.0, 3
291, 1458.4673742798316, Server_0, 3.531593941666367, 800.3483061668605, 0.0, 4
292, 1462.7317977673765, Server_0, 2.5526430912103453, 736.3246190653821, 0.0, 2
293, 1466.5298992824285, Server_0, 2.5526430912103453, 826.7288242707909, 0.0, 2
294, 1469.8534514443004, Server_01, 2.5526430912103453, 944.7722939397022, 0.0, 2
295, 1473.9589539814428, Server_0, 2.5526430912103453, 764.8271975458398, 0.0, 2
296, 1480.8546096706905, Server_0, 3.0417973963282776, 714.9428889971012, 0.0, 3
297, 1484.492315114624, Server_0, 2.5526430912103453, 863.1814885497238, 0.0, 2
298, 1487.286813339564, Server_0, 2.5526430912103453, 1123.6364267389501, 0.0, 2
299, 1496.0440575347536, Server_0, 3.531593941666367, 884.4106464742007, 0.0, 4
300, 1499.9757400609365, Server_0, 2.5526430912103453, 798.6402714586769, 0.0, 2
301, 1503.394063687065, Server_0, 2.5526430912103453, 918.5789127743418, 0.0, 2
302, 1508.2760109497638, Server_0, 3.0417973963282776, 1009.8429447750071, 0.0, 3
303, 1516.724344275599, Server_0, 3.531593941666367, 916.7488664676193, 0.0, 4
304, 1520.2835243715517, Server_0, 2.5526430912103453, 882.225657412095, 0.0, 2
305, 1523.6646494244264, Server_0, 2.5526430912103453, 928.6849645890171, 0.0, 2
306, 1529.1475466679735, Server_0, 3.0417973963282776, 899.159656111046, 0.0, 3
307, 1532.643488050583, Server_0, 2.5526430912103453, 898.1843962315376, 0.0, 2
308, 1538.1765801292836, Server_0, 3.0417973963282776, 891.002703348801, 0.0, 3
309, 1543.6633681347894, Server_0, 3.0417973963282776, 898.522048793015, 0.0, 3
310, 1549.071217729879, Server_0, 3.0417973963282776, 911.6377801032975, 0.0, 3
311, 1552.7584828715355, Server_0, 2.5526430912103453, 851.5796611765523, 0.0, 2
312, 1558.5510397375149, Server_0, 3.0417973963282776, 851.0922057502293, 0.0, 3
313, 1564.3435966034942, Server_0, 3.0417973963282776, 851.0922057502293, 0.0, 3
314, 1568.032973593185, Server_0, 2.5526430912103453, 851.0922057502066, 0.0, 2
315, 1573.8255304591644, Server_0, 3.0417973963282776, 851.0922057502293, 0.0, 3
316, 1579.6051473819182, Server_0, 3.0417973963282776, 852.997710036985, 0.0, 3
317, 1583.294524371609, Server_0, 2.5526430912103453, 851.0922057502066, 0.0, 2
318, 1589.0268410472631, Server_0, 3.0417973963282776, 860.0362260058513, 0.0, 3
319, 1594.8193979132425, Server_0, 3.0417973963282776, 851.0922057502293, 0.0, 3
320, 1598.4928919698493, Server_0, 2.5526430912103453, 854.772037633396, 0.0, 2
321, 1604.1761553100555, Server_0, 3.0417973963282776, 867.4593635531163, 0.0, 3
322, 1607.7959214131483, Server_0, 2.5526430912103453, 867.4593635530993, 0.0, 2
323, 1613.4791847533545, Server_0, 3.0417973963282776, 867.4593635531163, 0.0, 3
324, 1619.1624480935607, Server_0, 3.0417973963282776, 867.4593635531163, 0.0, 3
325, 1622.7822141966535, Server_0, 2.5526430912103453, 867.4593635530993, 0.0, 2
326, 1628.4654775368597, Server_0, 3.0417973963282776, 867.4593635531163, 0.0, 3
327, 1634.1487408770658, Server_0, 3.0417973963282776, 867.4593635531163, 0.0, 3
328, 1637.7685069801587, Server_0, 2.5526430912103453, 867.4593635530993, 0.0, 2
329, 1643.4517703203649, Server_0, 3.0417973963282776, 867.4593635531163, 0.0, 3
330, 1649.135033660571, Server_0, 3.0417973963282776, 867.4593635531163, 0.0, 3
331, 1652.7547997636639, Server_0, 2.5526430912103453, 867.4593635530993, 0.0, 2
332, 1658.4952483868997, Server_0, 3.0417973963282776, 858.8178944838342, 0.0, 3
333, 1664.3002308564473, Server_0, 3.0417973963282776, 849.2704372256533, 0.0, 3
334, 1668.0159005854925, Server_0, 2.5526430912103453, 845.0697260455573, 0.0, 2
335, 1673.850646929732, Server_0, 3.0417973963282776, 844.9381873930705, 0.0, 3
336, 1679.6367757753758, Server_0, 3.0417973963282776, 852.037714941594, 0.0, 3
337, 1683.4206776046126, Server_0, 2.5526430912103453, 829.8312540083309, 0.0, 2
338, 1689.3913824669578, Server_0, 3.0417973963282776, 825.6981568610933, 0.0, 3
339, 1693.232150415703, Server_0, 2.5526430912103453, 817.5448352785373, 0.0, 2
340, 1699.2273835787666, Server_0, 3.0417973963282776, 822.319977540409, 0.0, 3
341, 1703.0705675444424, Server_0, 2.5526430912103453, 817.030885860262, 0.0, 2
342, 1708.9428377324048, Server_0, 3.0417973963282776, 839.5390270199159, 0.0, 3
343, 1714.805005484982, Server_0, 3.0417973963282776, 840.9858277823117, 0.0, 3
344, 1718.5254123154778, Server_0, 2.5526430912103453, 843.9937197894168, 0.0, 2
345, 1724.2693362878624, Server_0, 3.0417973963282776, 858.2982685185589, 0.0, 3
346, 1727.8873039836567, Server_0, 2.5526430912103453, 867.8905573563045, 0.0, 2
347, 1733.7592491982914, Server_0, 3.0417973963282776, 839.585489951935, 0.0, 3
348, 1739.8952526623561, Server_0, 3.0417973963282776, 803.4545659682799, 0.0, 3
349, 1743.769748780769, Server_0, 2.5526430912103453, 810.4279638009294, 0.0, 2
350, 1749.9024154295737, Server_0, 3.0417973963282776, 803.8917297030908, 0.0, 3
351, 1753.7893473070637, Server_0, 2.5526430912103453, 807.8350994995137, 0.0, 2
352, 1759.8185974970172, Server_0, 3.0417973963282776, 817.6804485929028, 0.0, 3
353, 1763.666599061821, Server_0, 2.5526430912103453, 816.0079841755772, 0.0, 2
354, 1769.6701639536875, Server_0, 3.0417973963282776, 821.1787644169622, 0.0, 3
355, 1773.519349448041, Server_0, 2.5526430912103453, 815.7569970597899, 0.0, 2
356, 1779.6001042521648, Server_0, 3.0417973963282776, 810.7546116901004, 0.0, 3
357, 1783.4705806674644, Server_0, 2.5526430912103453, 811.2696379153347, 0.0, 2
358, 1789.5910181107633, Server_0, 3.0417973963282776, 805.4979804421863, 0.0, 3
359, 1793.444803506801, Server_0, 2.5526430912103453, 814.7833045473794, 0.0, 2
360, 1799.5864489368553, Server_0, 3.0417973963282776, 802.7164798337175, 0.0, 3
361, 1803.65492622581, Server_0, 2.5526430912103453, 771.7875207327908, 0.0, 2
362, 1809.4620260277477, Server_0, 3.0417973963282776, 848.9607838933534, 0.0, 3
363, 1813.046584735946, Server_0, 2.5526430912103453, 875.9795153636223, 0.0, 2
364, 1819.674735410377, Server_0, 3.0417973963282776, 743.7972131530038, 0.0, 3
365, 1823.732253731378, Server_0, 2.5526430912103453, 773.8720448279714, 0.0, 2
366, 1829.5240617840868, Server_0, 3.0417973963282776, 851.2022420519032, 0.0, 3
367, 1833.6136731122208, Server_0, 2.5526430912103453, 767.7991251634998, 0.0, 2
368, 1839.9944636274845, Server_0, 3.0417973963282776, 772.6315396512056, 0.0, 3
369, 1843.1541630397496, Server_0, 2.5526430912103453, 993.7654157263635, 0.0, 2
370, 1851.6340444432556, Server_0, 3.531593941666367, 913.3382451313398, 0.0, 4
371, 1855.53225409274, Server_0, 2.5526430912103453, 805.4979804421962, 0.0, 2
372, 1859.4110468721867, Server_0, 2.5526430912103453, 809.5302271981395, 0.0, 2
373, 1862.8982424348878, Server_0, 2.5526430912103453, 900.4370255529385, 0.0, 2
374, 1868.1021004181257, Server_0, 3.0417973963282776, 947.3740474624806, 0.0, 3
375, 1873.4475722292402, Server_0, 3.0417973963282776, 922.2759326406594, 0.0, 3
376, 1878.9122485179, Server_0, 3.0417973963282776, 902.1577380952366, 0.0, 3
377, 1884.3769248065598, Server_0, 3.0417973963282776, 902.1577380952366, 0.0, 3
378, 1887.8574691364568, Server_0, 2.5526430912103453, 902.1577380952324, 0.0, 2
379, 1893.3221454251166, Server_0, 3.0417973963282776, 902.1577380952366, 0.0, 3
380, 1898.7868217137764, Server_0, 3.0417973963282776, 902.1577380952366, 0.0, 3
381, 1904.2514980024362, Server_0, 3.0417973963282776, 902.1577380952366, 0.0, 3
382, 1907.732042332333, Server_0, 2.5526430912103453, 902.1577380952324, 0.0, 2
383, 1913.196718620993, Server_0, 3.0417973963282776, 902.1577380952366, 0.0, 3
384, 1918.6613949096527, Server_0, 3.0417973963282776, 902.1577380952366, 0.0, 3
385, 1924.1260711983125, Server_0, 3.0417973963282776, 902.1577380952366, 0.0, 3
386, 1927.6066155282094, Server_0, 2.5526430912103453, 902.1577380952324, 0.0, 2
387, 1933.0712918168692, Server_0, 3.0417973963282776, 902.1577380952366, 0.0, 3
388, 1938.535968105529, Server_0, 3.0417973963282776, 902.1577380952366, 0.0, 3
389, 1944.0006443941888, Server_0, 3.0417973963282776, 902.1577380952366, 0.0, 3
390, 1949.4852989684737, Server_0, 3.0417973963282776, 898.8715575844344, 0.0, 3
391, 1953.0154758993435, Server_0, 2.5526430912103453, 889.4738313374806, 0.0, 2
392, 1958.5439897659996, Server_0, 3.0417973963282776, 891.7405506991846, 0.0, 3
393, 1964.0525253470305, Server_0, 3.0417973963282776, 894.9747037991194, 0.0, 3
394, 1967.5881524151584, Server_0, 2.5526430912103453, 888.1027154435073, 0.0, 2
395, 1973.1684926416115, Server_0, 3.0417973963282776, 883.4586781339697, 0.0, 3
396, 1978.7609152190694, Server_0, 3.0417973963282776, 881.5499779776977, 0.0, 3
397, 1984.306677878725, Server_0, 3.0417973963282776, 888.9670010339373, 0.0, 3
398, 1987.7967245618368, Server_0, 2.5526430912103453, 899.7014324176022, 0.0, 2
399, 1993.3215093838796, Server_0, 3.0417973963282776, 892.3424456876958, 0.0, 3
400, 1998.8557965591374, Server_0, 3.0417973963282776, 890.8102965889885, 0.0, 3
401, 2004.3204728477972, Server_0, 3.0417973963282776, 902.1577380952366, 0.0, 3
402, 2007.8010171776941, Server_0, 2.5526430912103453, 902.1577380952324, 0.0, 2
403, 2013.265693466354, Server_0, 3.0417973963282776, 902.1577380952366, 0.0, 3
404, 2018.7303697550137, Server_0, 3.0417973963282776, 902.1577380952366, 0.0, 3
405, 2024.1950460436735, Server_0, 3.0417973963282776, 902.1577380952366, 0.0, 3
406, 2027.6755903735705, Server_0, 2.5526430912103453, 902.1577380952324, 0.0, 2
407, 2033.1402666622303, Server_0, 3.0417973963282776, 902.1577380952366, 0.0, 3
408, 2038.60494295089, Server_0, 3.0417973963282776, 902.1577380952366, 0.0, 3
409, 2044.0696192395499, Server_0, 3.0417973963282776, 902.1577380952366, 0.0, 3
410, 2047.5501635694468, Server_0, 2.5526430912103453, 902.1577380952324, 0.0, 2
411, 2053.0148398581064, Server_0, 3.0417973963282776, 902.1577380952742, 0.0, 3
412, 2058.479516146766, Server_0, 3.0417973963282776, 902.1577380952742, 0.0, 3
413, 2063.9441924354255, Server_0, 3.0417973963282776, 902.1577380952742, 0.0, 3
414, 2069.408868724085, Server_0, 3.0417973963282776, 902.1577380952742, 0.0, 3
415, 2072.889413053982, Server_0, 2.5526430912103453, 902.1577380952324, 0.0, 2
416, 2078.3540893426416, Server_0, 3.0417973963282776, 902.1577380952742, 0.0, 3
417, 2083.818765631301, Server_0, 3.0417973963282776, 902.1577380952742, 0.0, 3
418, 2089.3340935271, Server_0, 3.0417973963282776, 893.872511869228, 0.0, 3
419, 2092.833597136456, Server_0, 2.5526430912103453, 897.2701132826791, 0.0, 2
420, 2098.3678843117136, Server_0, 3.0417973963282776, 890.8102965889885, 0.0, 3
421, 2103.9021714869714, Server_0, 3.0417973963282776, 890.8102965889885, 0.0, 3
422, 2109.414032139883, Server_0, 3.0417973963282776, 894.4348034988179, 0.0, 3
423, 2112.9170029921256, Server_0, 2.5526430912103453, 896.3819947259597, 0.0, 2
424, 2118.4512901673834, Server_0, 3.0417973963282776, 890.8102965889885, 0.0, 3
425, 2123.915966456043, Server_0, 3.0417973963282776, 902.1577380952742, 0.0, 3
426, 2129.48257830995, Server_0, 3.0417973963282776, 885.6374630359371, 0.0, 3
427, 2133.0520953221076, Server_0, 2.5526430912103453, 879.6708320216252, 0.0, 2
428, 2138.804032618614, Server_0, 3.0417973963282776, 857.1025283940713, 0.0, 3
429, 2144.4841401022936, Server_0, 3.0417973963282776, 867.9413222664016, 0.0, 3
430, 2148.1154653570225, Server_0, 2.5526430912103453, 864.6980867139304, 0.0, 2
431, 2153.82119057984, Server_0, 3.0417973963282776, 864.0444128442751, 0.0, 3
432, 2159.461601601642, Server_0, 3.0417973963282776, 874.0497777455819, 0.0, 3
433, 2163.014926497365, Server_0, 2.5526430912103453, 883.6793966629399, 0.0, 2
434, 2168.693655238998, Server_0, 3.0417973963282776, 868.1520502742854, 0.0, 3
435, 2174.457205257399, Server_0, 3.0417973963282776, 855.3755904364874, 0.0, 3
436, 2178.1565294973, Server_0, 2.5526430912103453, 848.8036723387751, 0.0, 2
437, 2183.948318516069, Server_0, 3.0417973963282776, 851.2050394142492, 0.0, 3
438, 2189.7500547850477, Server_0, 3.0417973963282776, 849.7456229370646, 0.0, 3
439, 2193.449379024949, Server_0, 2.5526430912103453, 848.8036723387751, 0.0, 2
440, 2199.2733072950064, Server_0, 3.0417973963282776, 846.5076785623584, 0.0, 3
441, 2203.0104686439463, Server_0, 2.5526430912103453, 840.2099098265257, 0.0, 2
442, 2208.795407493016, Server_0, 3.0417973963282776, 852.2129842034552, 0.0, 3
443, 2214.7288851271715, Server_0, 3.0417973963282776, 830.8786691333889, 0.0, 3
444, 2218.5967036910733, Server_0, 2.5526430912103453, 811.8271185999837, 0.0, 2
445, 2224.695371556672, Server_0, 3.0417973963282776, 808.3732560366457, 0.0, 3
446, 2228.4132251581345, Server_0, 2.5526430912103453, 844.573330903813, 0.0, 2
447, 2234.322484416281, Server_0, 3.0417973963282776, 834.2839236920514, 0.0, 3
448, 2238.074512115015, Server_0, 2.5526430912103453, 836.8808154213821, 0.0, 2
449, 2243.836697113197, Server_0, 3.0417973963282776, 855.5782227671398, 0.0, 3
450, 2249.896838543788, Server_0, 3.0417973963282776, 813.5123670734416, 0.0, 3
451, 2253.7950481932726, Server_0, 2.5526430912103453, 805.4979804421491, 0.0, 2
452, 2259.9154856365717, Server_0, 3.0417973963282776, 805.4979804421564, 0.0, 3
453, 2263.8517884427374, Server_0, 2.5526430912103453, 797.7028583983918, 0.0, 2
454, 2269.949394734479, Server_0, 3.0417973963282776, 808.5139912488318, 0.0, 3
455, 2273.829222526528, Server_0, 2.5526430912103453, 809.3142707093224, 0.0, 2
456, 2280.0369985744474, Server_0, 3.0417973963282776, 794.1652472550942, 0.0, 3
457, 2283.9730931397385, Server_0, 2.5526430912103453, 797.7450612312118, 0.0, 2
458, 2290.2283330943815, Server_0, 3.0417973963282776, 788.1392297893652, 0.0, 3
459, 2294.2264781970493, Server_0, 2.5526430912103453, 785.364192486347, 0.0, 2
460, 2298.030111882841, Server_0, 2.5526430912103453, 825.526393808451, 0.0, 2
461, 2304.1348271790725, Server_0, 3.0417973963282776, 807.5724682923982, 0.0, 3
462, 2308.0357623597724, Server_0, 2.5526430912103453, 804.9351897809885, 0.0, 2
463, 2314.0703631039287, Server_0, 3.0417973963282776, 816.9554555492479, 0.0, 3
464, 2317.97231864299, Server_0, 2.5526430912103453, 804.7246998501935, 0.0, 2
465, 2324.060361542525, Server_0, 3.0417973963282776, 809.7840441263653, 0.0, 3
466, 2327.920059008304, Server_0, 2.5526430912103453, 813.5352648334934, 0.0, 2
467, 2333.9845208134084, Server_0, 3.0417973963282776, 812.93281389795, 0.0, 3
468, 2340.13488650413, Server_0, 3.0417973963282776, 801.5783528835273, 0.0, 3
469, 2344.032419904866, Server_0, 2.5526430912103453, 805.6377398605746, 0.0, 2
470, 2350.1383027476327, Server_0, 3.0417973963282776, 807.4180469807525, 0.0, 3
471, 2354.089477826501, Server_0, 2.5526430912103453, 794.7002948042804, 0.0, 2
472, 2358.0167634486634, Server_0, 2.5526430912103453, 799.5344118289852, 0.0, 2
473, 2364.1893140466013, Server_0, 3.0417973963282776, 798.6973815406127, 0.0, 3
474, 2368.169179966789, Server_0, 2.5526430912103453, 788.9713027949874, 0.0, 2
475, 2374.291080213742, Server_0, 3.0417973963282776, 805.3055099115395, 0.0, 3
476, 2378.248738853872, Server_0, 2.5526430912103453, 793.3983917058903, 0.0, 2
477, 2384.2531622025003, Server_0, 3.0417973963282776, 821.0613598933305, 0.0, 3
478, 2388.021996595731, Server_0, 2.5526430912103453, 833.1488392379435, 0.0, 2
479, 2394.0216625054786, Server_0, 3.0417973963282776, 821.7124210183264, 0.0, 3
480, 2400.049847807212, Server_0, 3.0417973963282776, 817.824893103828, 0.0, 3
481, 2403.86106204818, Server_0, 2.5526430912103453, 823.8844109698563, 0.0, 2
482, 2409.8917636449733, Server_0, 3.0417973963282776, 817.4836577259008, 0.0, 3
483, 2413.6597469060844, Server_0, 2.5526430912103453, 833.337035333344, 0.0, 2
484, 2419.6222127996125, Server_0, 3.0417973963282776, 826.8391112058507, 0.0, 3
485, 2423.4350350618693, Server_0, 2.5526430912103453, 823.5369456066582, 0.0, 2
486, 2429.3687106788316, Server_0, 3.0417973963282776, 830.85094606568, 0.0, 3
487, 2433.1812607171382, Server_0, 2.5526430912103453, 823.5957478461405, 0.0, 2
488, 2439.1427097441233, Server_0, 3.0417973963282776, 826.9801482297152, 0.0, 3
489, 2442.911709871777, Server_0, 2.5526430912103453, 833.1122031441028, 0.0, 2
490, 2448.8831711501275, Server_0, 3.0417973963282776, 825.5935641538357, 0.0, 3
491, 2454.854632428478, Server_0, 3.0417973963282776, 825.5935641538357, 0.0, 3
492, 2458.624964259587, Server_0, 2.5526430912103453, 832.8179429968824, 0.0, 2
493, 2464.6546924697154, Server_0, 3.0417973963282776, 817.6156251485712, 0.0, 3
494, 2468.4857066688296, Server_0, 2.5526430912103453, 819.626301757389, 0.0, 2
495, 2474.4547525109524, Server_0, 3.0417973963282776, 825.9276491411104, 0.0, 3
496, 2478.2800203294296, Server_0, 2.5526430912103453, 820.8575579552527, 0.0, 2
497, 2484.231866084298, Server_0, 3.0417973963282776, 828.3144763903629, 0.0, 3
498, 2488.0138004284786, Server_0, 2.5526430912103453, 830.2629591736858, 0.0, 2
499, 2493.985261706829, Server_0, 3.0417973963282776, 825.5935641538357, 0.0, 3
500, 2499.964156356921, Server_0, 3.0417973963282776, 824.567129632238, 0.0, 3
501, 2503.7927551198077, Server_0, 2.5526430912103453, 820.1433982684223, 0.0, 2
502, 2509.8038990373334, Server_0, 3.0417973963282776, 820.1433982684063, 0.0, 3
503, 2513.63249780022, Server_0, 2.5526430912103453, 820.1433982684223, 0.0, 2
504, 2519.6436417177456, Server_0, 3.0417973963282776, 820.1433982684063, 0.0, 3
505, 2523.472240480632, Server_0, 2.5526430912103453, 820.1433982684223, 0.0, 2
506, 2529.483384398158, Server_0, 3.0417973963282776, 820.1433982684063, 0.0, 3
507, 2533.3119831610443, Server_0, 2.5526430912103453, 820.1433982684223, 0.0, 2
508, 2539.32312707857, Server_0, 3.0417973963282776, 820.1433982684063, 0.0, 3
509, 2543.1517258414565, Server_0, 2.5526430912103453, 820.1433982684223, 0.0, 2
510, 2549.162869758982, Server_0, 3.0417973963282776, 820.1433982684063, 0.0, 3
511, 2552.9914685218687, Server_0, 2.5526430912103453, 820.1433982684223, 0.0, 2
512, 2559.0026124393944, Server_0, 3.0417973963282776, 820.1433982684063, 0.0, 3
513, 2565.01375635692, Server_0, 3.0417973963282776, 820.1433982684063, 0.0, 3
514, 2568.8423551198066, Server_0, 2.5526430912103453, 820.1433982684223, 0.0, 2
515, 2574.8534990373323, Server_0, 3.0417973963282776, 820.1433982684063, 0.0, 3
516, 2578.682097800219, Server_0, 2.5526430912103453, 820.1433982684223, 0.0, 2
517, 2584.6932417177445, Server_0, 3.0417973963282776, 820.1433982684063, 0.0, 3
518, 2588.521840480631, Server_0, 2.5526430912103453, 820.1433982684223, 0.0, 2
519, 2594.5329843981567, Server_0, 3.0417973963282776, 820.1433982684063, 0.0, 3
520, 2598.361583161043, Server_0, 2.5526430912103453, 820.1433982684223, 0.0, 2
521, 2604.372727078569, Server_0, 3.0417973963282776, 820.1433982684063, 0.0, 3
522, 2608.2013258414554, Server_0, 2.5526430912103453, 820.1433982684223, 0.0, 2
523, 2614.212469758981, Server_0, 3.0417973963282776, 820.1433982684063, 0.0, 3
524, 2618.0410685218676, Server_0, 2.5526430912103453, 820.1433982684223, 0.0, 2
525, 2624.0522124393933, Server_0, 3.0417973963282776, 820.1433982684063, 0.0, 3
526, 2627.94014356836, Server_0, 2.5526430912103453, 807.6274748299456, 0.0, 2
527, 2633.9947670825118, Server_0, 3.0417973963282776, 814.2537663121022, 0.0, 3
528, 2640.2728679617053, Server_0, 3.0417973963282776, 785.2693186786299, 0.0, 3
529, 2644.3085076944344, Server_0, 2.5526430912103453, 778.067470823655, 0.0, 2
530, 2648.2430027682835, Server_0, 2.5526430912103453, 798.0693687660752, 0.0, 2
531, 2654.46157763153, Server_0, 3.0417973963282776, 792.7861460891498, 0.0, 3
532, 2658.3920452277453, Server_0, 2.5526430912103453, 798.8871357249078, 0.0, 2
533, 2664.235237674233, Server_0, 3.0417973963282776, 843.7168628535379, 0.0, 3
534, 2668.1337813931095, Server_0, 2.5526430912103453, 805.4289566630162, 0.0, 2
535, 2674.2219931516065, Server_0, 3.0417973963282776, 809.7615844454606, 0.0, 3
536, 2678.1077855848134, Server_0, 2.5526430912103453, 808.0719837648613, 0.0, 2
537, 2684.185440650401, Server_0, 3.0417973963282776, 811.1681144779742, 0.0, 3
538, 2688.148507303945, Server_0, 2.5526430912103453, 792.3157177263208, 0.0, 2
539, 2694.378238273017, Server_0, 3.0417973963282776, 791.3664369256583, 0.0, 3
540, 2698.3460588090993, Server_0, 2.5526430912103453, 791.3664369256624, 0.0, 2
541, 2704.5241033038596, Server_0, 3.0417973963282776, 797.9871307468211, 0.0, 3
542, 2708.353086901229, Server_0, 2.5526430912103453, 820.060969223641, 0.0, 2
543, 2714.269325472343, Server_0, 3.0417973963282776, 833.2997293365546, 0.0, 3
544, 2718.2277537708014, Server_0, 2.5526430912103453, 793.2441270245872, 0.0, 2
545, 2724.404679343722, Server_0, 3.0417973963282776, 798.131682468868, 0.0, 3
546, 2728.316011750183, Server_0, 2.5526430912103453, 802.7954859610255, 0.0, 2
547, 2734.561889472723, Server_0, 3.0417973963282776, 789.3206077679968, 0.0, 3
548, 2738.5262438844966, Server_0, 2.5526430912103453, 792.0583464169439, 0.0, 2
549, 2744.5059437827417, Server_0, 3.0417973963282776, 824.4560904213273, 0.0, 3
550, 2748.118160390679, Server_0, 2.5526430912103453, 869.2723446042623, 0.0, 2
551, 2754.0757080861667, Server_0, 3.0417973963282776, 827.5217005369348, 0.0, 3
552, 2757.97188511179, Server_0, 2.5526430912103453, 805.9182063211546, 0.0, 2
553, 2764.182867612003, Server_0, 3.0417973963282776, 793.7552552806084, 0.0, 3
554, 2768.0823388271915, Server_0, 2.5526430912103453, 805.2373839226454, 0.0, 2
555, 2774.3831418727264, Server_0, 3.0417973963282776, 782.4399468403814, 0.0, 3
556, 2778.4439490129807, Server_0, 2.5526430912103453, 773.2452912805161, 0.0, 2
557, 2784.635204622193, Server_0, 3.0417973963282776, 796.284358323738, 0.0, 3
558, 2788.5408148797287, Server_0, 2.5526430912103453, 803.9716697132469, 0.0, 2
559, 2794.6868472686356, Server_0, 3.0417973963282776, 802.1435111370857, 0.0, 3
560, 2798.596479142493, Server_0, 2.5526430912103453, 803.1446697056581, 0.0, 2
561, 2804.5312215787403, Server_0, 3.0417973963282776, 830.7015937017528, 0.0, 3
562, 2808.326059671889, Server_0, 2.5526430912103453, 827.4397808088011, 0.0, 2
563, 2814.191194914563, Server_0, 3.0417973963282776, 840.5603274294879, 0.0, 3
564, 2817.9332308590087, Server_0, 2.5526430912103453, 839.1154031164615, 0.0, 2
565, 2823.784303697428, Server_0, 3.0417973963282776, 842.5805208967025, 0.0, 3
566, 2829.6168190746835, Server_0, 3.0417973963282776, 845.2613805743636, 0.0, 3
567, 2833.3156943858708, Server_0, 2.5526430912103453, 848.9066907724712, 0.0, 2
568, 2839.1332032610767, Server_0, 3.0417973963282776, 847.4417668723343, 0.0, 3
569, 2842.7579456023655, Server_0, 2.5526430912103453, 866.2684694116998, 0.0, 2
570, 2848.5108198291696, Server_0, 3.0417973963282776, 856.9629381135883, 0.0, 3
571, 2854.2685303549724, Server_0, 3.0417973963282776, 856.2431157152635, 0.0, 3
572, 2857.957907344663, Server_0, 2.5526430912103453, 851.092205750259, 0.0, 2
573, 2863.8200750972405, Server_0, 3.0417973963282776, 840.9858277822791, 0.0, 3
574, 2869.6616306679903, Server_0, 3.0417973963282776, 843.953282698509, 0.0, 3
575, 2873.3716198395086, Server_0, 2.5526430912103453, 846.3636562892997, 0.0, 2
576, 2879.233787592086, Server_0, 3.0417973963282776, 840.9858277822791, 0.0, 3
577, 2882.96062282049, Server_0, 2.5526430912103453, 842.5379195916355, 0.0, 2
578, 2888.802056216327, Server_0, 3.0417973963282776, 843.9709341740194, 0.0, 3
579, 2894.796621987461, Server_0, 3.0417973963282776, 822.4115287448524, 0.0, 3
580, 2898.558188044735, Server_0, 2.5526430912103453, 834.7587021443322, 0.0, 2
581, 2904.9541392957303, Server_0, 3.0417973963282776, 770.8001212849571, 0.0, 3
582, 2908.9804574352556, Server_0, 2.5526430912103453, 779.868825857413, 0.0, 2
583, 2914.5820820922663, Server_0, 3.0417973963282776, 880.1018100757394, 0.0, 3
584, 2918.1189240691274, Server_0, 2.5526430912103453, 887.7976512783688, 0.0, 2
585, 2923.6382101445247, Server_0, 3.0417973963282776, 893.2314673768955, 0.0, 3
586, 2929.3480369836007, Server_0, 3.0417973963282776, 863.423732268182, 0.0, 3
587, 2933.0442612485217, Server_0, 2.5526430912103453, 849.5155528846309, 0.0, 2
588, 2938.8435482212403, Server_0, 3.0417973963282776, 850.1045082252396, 0.0, 3
589, 2944.6386082402278, Server_0, 3.0417973963282776, 850.7245798743958, 0.0, 3
590, 2948.3279852299183, Server_0, 2.5526430912103453, 851.092205750259, 0.0, 2
591, 2954.0916829060366, Server_0, 3.0417973963282776, 855.3536769333622, 0.0, 3
592, 2957.7599553783566, Server_0, 2.5526430912103453, 855.9887586578516, 0.0, 2
593, 2963.567546775318, Server_0, 3.0417973963282776, 848.8889219340352, 0.0, 3
594, 2969.473306465401, Server_0, 3.0417973963282776, 834.7782941927912, 0.0, 3
595, 2973.2117302773345, Server_0, 2.5526430912103453, 839.9261715530454, 0.0, 2
596, 2979.0817873228307, Server_0, 3.0417973963282776, 839.8555519630844, 0.0, 3
597, 2982.8528205437574, Server_0, 2.5526430912103453, 832.663043797944, 0.0, 2
598, 2988.7490025095403, Server_0, 3.0417973963282776, 836.134303284745, 0.0, 3
599, 2994.5315463447123, Server_0, 3.0417973963282776, 852.5659537613154, 0.0, 3
600, 2998.3484771864605, Server_0, 2.5526430912103453, 822.6504828580621, 0.0, 2
601, 3004.4116693028927, Server_0, 3.0417973963282776, 813.1030495700297, 0.0, 3
602, 3008.272532602396, Server_0, 2.5526430912103453, 813.2896081567961, 0.0, 2
603, 3014.4020122269626, Server_0, 3.0417973963282776, 804.3097133794001, 0.0, 3
604, 3018.3636534713833, Server_0, 2.5526430912103453, 792.6007950422537, 0.0, 2
605, 3024.2317899576938, Server_0, 3.0417973963282776, 840.1304249655682, 0.0, 3
606, 3027.947332106968, Server_0, 2.5526430912103453, 845.0987430227992, 0.0, 2
607, 3034.2913689857774, Server_0, 3.0417973963282776, 777.1077145638163, 0.0, 3
608, 3038.3117172938514, Server_0, 2.5526430912103453, 781.0268562288347, 0.0, 2
609, 3044.2631889589447, Server_0, 3.0417973963282776, 828.3665414918337, 0.0, 3
610, 3047.9970281414567, Server_0, 2.5526430912103453, 840.9574827718142, 0.0, 2
611, 3053.8832012626613, Server_0, 3.0417973963282776, 837.5560654578719, 0.0, 3
612, 3059.8911412399116, Server_0, 3.0417973963282776, 820.5807678951442, 0.0, 3
613, 3063.6605643504126, Server_0, 2.5526430912103453, 833.0187161139899, 0.0, 2
614, 3069.5230672543626, Server_0, 3.0417973963282776, 840.9377497584463, 0.0, 3
615, 3073.2638755303956, Server_0, 2.5526430912103453, 839.3907862420164, 0.0, 2
616, 3079.1926385440192, Server_0, 3.0417973963282776, 831.5393934065817, 0.0, 3
617, 3082.9971560870013, Server_0, 2.5526430912103453, 825.334609323116, 0.0, 2
618, 3088.808823731346, Server_0, 3.0417973963282776, 848.2935194680988, 0.0, 3
619, 3094.6013805973253, Server_0, 3.0417973963282776, 851.0922057502293, 0.0, 3
620, 3098.290757587016, Server_0, 2.5526430912103453, 851.092205750259, 0.0, 2
621, 3104.083314452995, Server_0, 3.0417973963282776, 851.0922057502293, 0.0, 3
622, 3107.7991498780016, Server_0, 2.5526430912103453, 845.0320428264395, 0.0, 2
623, 3113.770611156352, Server_0, 3.0417973963282776, 825.5935641538357, 0.0, 3
624, 3119.736186408605, Server_0, 3.0417973963282776, 826.4081486756941, 0.0, 3
625, 3123.5010603109913, Server_0, 2.5526430912103453, 834.0252771838848, 0.0, 2
626, 3129.472521589342, Server_0, 3.0417973963282776, 825.5935641538357, 0.0, 3
627, 3133.2678842596933, Server_0, 2.5526430912103453, 827.3254159685226, 0.0, 2
628, 3139.2107063811136, Server_0, 3.0417973963282776, 829.5721963863526, 0.0, 3
629, 3143.0051110715517, Server_0, 2.5526430912103453, 827.5342922468941, 0.0, 2
630, 3148.8450862138393, Server_0, 3.0417973963282776, 844.1816754152934, 0.0, 3
631, 3154.677325718994, Server_0, 3.0417973963282776, 845.301362477112, 0.0, 3
632, 3158.4363135952826, Server_0, 2.5526430912103453, 835.3312389770508, 0.0, 2
633, 3164.3381639870354, Server_0, 3.0417973963282776, 835.3312389770465, 0.0, 3
634, 3168.097151863324, Server_0, 2.5526430912103453, 835.3312389770508, 0.0, 2
635, 3173.999002255077, Server_0, 3.0417973963282776, 835.3312389770465, 0.0, 3
636, 3180.0348452226117, Server_0, 3.0417973963282776, 816.7873197691144, 0.0, 3
637, 3183.911289322122, Server_0, 2.5526430912103453, 810.0207095458553, 0.0, 2
638, 3189.905897367531, Server_0, 3.0417973963282776, 822.4057290577124, 0.0, 3
639, 3193.7084158633243, Server_0, 2.5526430912103453, 825.7685014481294, 0.0, 2
640, 3199.6798771416748, Server_0, 3.0417973963282776, 825.5935641538357, 0.0, 3
641, 3203.5089154819466, Server_0, 2.5526430912103453, 820.0492449958286, 0.0, 2
642, 3209.5596573077387, Server_0, 3.0417973963282776, 814.7761286038038, 0.0, 3
643, 3213.509542926899, Server_0, 2.5526430912103453, 794.9597286484197, 0.0, 2
644, 3219.6070891996064, Server_0, 3.0417973963282776, 808.5219495695609, 0.0, 3
645, 3223.421608327336, Server_0, 2.5526430912103453, 823.1706002399958, 0.0, 2
646, 3229.598823415308, Server_0, 3.0417973963282776, 798.0942754607205, 0.0, 3
647, 3233.5523657782533, Server_0, 2.5526430912103453, 794.2244477837515, 0.0, 2
648, 3239.610790234148, Server_0, 3.0417973963282776, 813.7429187885663, 0.0, 3
649, 3243.5031692243783, Server_0, 2.5526430912103453, 806.7045906581614, 0.0, 2
650, 3249.666098073615, Server_0, 3.0417973963282776, 799.9443317620867, 0.0, 3
651, 3253.574198492904, Server_0, 2.5526430912103453, 803.4593953886354, 0.0, 2
652, 3259.733564418297, Server_0, 3.0417973963282776, 800.4070645770826, 0.0, 3
653, 3263.590995251611, Server_0, 2.5526430912103453, 814.0132994433143, 0.0, 2
654, 3269.77645063912, Server_0, 3.0417973963282776, 797.0310496387389, 0.0, 3
655, 3273.7724257970053, Server_0, 2.5526430912103453, 785.7906708463267, 0.0, 2
656, 3279.819014784286, Server_0, 3.0417973963282776, 815.3357223999272, 0.0, 3
657, 3283.6778849781663, Server_0, 2.5526430912103453, 813.7096720640528, 0.0, 2
658, 3289.86498895359, Server_0, 3.0417973963282776, 796.8186763278644, 0.0, 3
659, 3293.7243316633458, Server_0, 2.5526430912103453, 813.6100460999775, 0.0, 2
660, 3299.605510610306, Server_0, 3.0417973963282776, 838.2673005636532, 0.0, 3
661, 3303.399282125834, Server_0, 2.5526430912103453, 827.6724065083619, 0.0, 2
662, 3309.4053941377274, Server_0, 3.0417973963282776, 820.8305123576548, 0.0, 3
663, 3313.3091334501414, Server_0, 2.5526430912103453, 804.3569892115229, 0.0, 2
664, 3319.457340281719, Server_0, 3.0417973963282776, 801.8598162116352, 0.0, 3
665, 3323.3067777540737, Server_0, 2.5526430912103453, 815.7035989155506, 0.0, 2
666, 3329.521136196677, Server_0, 3.0417973963282776, 793.3240487387436, 0.0, 3
667, 3333.4868131736002, Server_0, 2.5526430912103453, 791.7941925860762, 0.0, 2
668, 3339.734535035338, Server_0, 3.0417973963282776, 789.0876241133988, 0.0, 3
669, 3343.7256067600756, Server_0, 2.5526430912103453, 786.7560937423267, 0.0, 2
670, 3349.819820164447, Server_0, 3.0417973963282776, 808.9641226649289, 0.0, 3
671, 3353.7847956624955, Server_0, 2.5526430912103453, 791.9342758978684, 0.0, 2
672, 3360.0247249821878, Server_0, 3.0417973963282776, 790.0730516997514, 0.0, 3
673, 3363.9711419947075, Server_0, 2.5526430912103453, 795.6584390444668, 0.0, 2
674, 3370.0514837135224, Server_0, 3.0417973963282776, 810.8096926106457, 0.0, 3
675, 3373.9278616204815, Server_0, 2.5526430912103453, 810.0345413595785, 0.0, 2
676, 3380.1262249819474, Server_0, 3.0417973963282776, 795.3712476181872, 0.0, 3
677, 3384.035664377801, Server_0, 2.5526430912103453, 803.1842118668999, 0.0, 2
678, 3387.90518803696, Server_0, 2.5526430912103453, 811.4693891501342, 0.0, 2
679, 3393.9637812457513, Server_0, 3.0417973963282776, 813.7202532176149, 0.0, 3
680, 3400.0805003649007, Server_0, 3.0417973963282776, 805.9876387924775, 0.0, 3
681, 3404.0864876933156, Server_0, 2.5526430912103453, 783.8267429673675, 0.0, 2
682, 3407.988341181976, Server_0, 2.5526430912103453, 804.7457468932306, 0.0, 2
683, 3413.9686409355345, Server_0, 3.0417973963282776, 824.3733931675382, 0.0, 3
684, 3420.009023570628, Server_0, 3.0417973963282776, 816.1734608264128, 0.0, 3
685, 3423.9787766046434, Server_0, 2.5526430912103453, 790.981195327379, 0.0, 2
686, 3430.2160310417007, Server_0, 3.0417973963282776, 790.4118790969043, 0.0, 3
687, 3434.0165412221004, Server_0, 2.5526430912103453, 826.2048648610096, 0.0, 2
688, 3440.1622405610765, Server_0, 3.0417973963282776, 802.1869811843673, 0.0, 3
689, 3444.1462838576645, Server_0, 2.5526430912103453, 788.1440451937787, 0.0, 2
690, 3448.1944968432067, Server_0, 2.5526430912103453, 775.6508887289692, 0.0, 2
691, 3454.462375964473, Server_0, 3.0417973963282776, 786.5499484942436, 0.0, 3
692, 3458.3052267775843, Server_0, 2.5526430912103453, 817.1017176328075, 0.0, 2
693, 3464.4476582951847, Server_0, 3.0417973963282776, 802.6137509020035, 0.0, 3
694, 3468.315232398627, Server_0, 2.5526430912103453, 811.8784323241226, 0.0, 2
695, 3474.5592516725656, Server_0, 3.0417973963282776, 789.5555384617221, 0.0, 3
696, 3478.6480185735973, Server_0, 2.5526430912103453, 767.9576938484057, 0.0, 2
697, 3485.0395221784343, Server_0, 3.0417973963282776, 771.3364968251049, 0.0, 3
698, 3489.1501040243193, Server_0, 2.5526430912103453, 763.882126113939, 0.0, 2
699, 3493.290123790148, Server_0, 2.5526430912103453, 758.4504851685317, 0.0, 2
700, 3499.3263801249213, Server_0, 3.0417973963282776, 816.7313855774138, 0.0, 3
701, 3503.125551874288, Server_0, 2.5526430912103453, 826.4959331000568, 0.0, 2
702, 3509.333817600107, Server_0, 3.0417973963282776, 794.1026073508496, 0.0, 3
703, 3513.261454263112, Server_0, 2.5526430912103453, 799.4629517481512, 0.0, 2
704, 3519.2638510247452, Server_0, 3.0417973963282776, 821.3385745360781, 0.0, 3
705, 3523.1341858774094, Server_0, 2.5526430912103453, 811.2993111793767, 0.0, 2
706, 3529.387327499637, Server_0, 3.0417973963282776, 788.4037013451851, 0.0, 3
707, 3533.349339325042, Server_0, 2.5526430912103453, 792.5266602855867, 0.0, 2
708, 3539.3612858568795, Server_0, 3.0417973963282776, 820.0339064714093, 0.0, 3
709, 3543.16986469003, Server_0, 2.5526430912103453, 824.4545111339011, 0.0, 2
710, 3549.3438301609126, Server_0, 3.0417973963282776, 798.5143459662388, 0.0, 3
711, 3553.2858863714464, Server_0, 2.5526430912103453, 796.5386164736636, 0.0, 2
712, 3559.3476288098345, Server_0, 3.0417973963282776, 813.2975048195752, 0.0, 3
713, 3563.2728842098795, Server_0, 2.5526430912103453, 799.9479473269462, 0.0, 2
714, 3569.6274837095793, Server_0, 3.0417973963282776, 775.8160054355727, 0.0, 3
715, 3573.6246231327978, Server_0, 2.5526430912103453, 785.561789954211, 0.0, 2
716, 3579.7764418689108, Server_0, 3.0417973963282776, 801.3890219260587, 0.0, 3
717, 3583.657313270593, Server_0, 2.5526430912103453, 809.096637069417, 0.0, 2
718, 3589.7957733273192, Server_0, 3.0417973963282776, 803.1330259448301, 0.0, 3
719, 3593.5477268835343, Server_0, 2.5526430912103453, 836.8973530598778, 0.0, 2
