0, 7.9960039125518225, Server_04, 2.5526430912103453, 4510.788690476192, 0.0, 2
1, 13.785375565315727, Server_04, 4.51062929652117, 3300.0127036030035, 0.0, 6
2, 18.39985615058291, Server_04, 4.0211812311925765, 2636.266373909911, 0.0, 5
3, 22.88964408223741, Server_04, 4.0211812311925765, 2709.482092513256, 0.0, 5
4, 27.85570353911772, Server_04, 4.0211812311925765, 2449.6283432824794, 0.0, 5
5, 32.86621137427798, Server_04, 4.0211812311925765, 2427.8976104247326, 0.0, 5
6, 35.31914745490766, Server_04, 3.531593941666367, 3157.4406121548154, 0.0, 4
7, 40.29303091282179, Server_04, 4.0211812311925765, 2445.775037339045, 0.0, 5
8, 45.43628493652591, Server_04, 4.0211812311925765, 2365.2341385306295, 0.0, 5
9, 54.649391555619175, Server_0, 3.531593941666367, 840.6502084703156, 0.0, 4
10, 55.94967112578373, Server_04, 2.5526430912103453, 2414.865289010594, 0.0, 2
11, 69.9005714130081, Server_0, 3.082856084355583, 555.1613043276167, 1.9045675004562739, 4
12, 72.739157611499, Server_0, 2.063532775625675, 704.5761023791614, 1.9045675004562739, 1
13, 74.06141958097676, Server_04, 2.063532775625675, 1512.55957303976, 1.9045675004562739, 1
14, 77.2388141888186, Server_04, 3.0417973963282776, 1551.5856884230632, 1.9045675004562739, 3
15, 82.22420341156882, Server_04, 3.531593941666367, 1553.5396844556524, 1.9045675004562739, 4
16, 87.60225989367973, Server_04, 3.531593941666367, 1440.1113163765174, 1.9045675004562739, 4
17, 90.4042270388328, Server_04, 3.0417973963282776, 1759.478161094096, 1.9045675004562739, 3
18, 95.13618082044334, Server_04, 3.531593941666367, 1636.7446423713702, 1.9045675004562739, 4
19, 99.93732930465691, Server_04, 3.531593941666367, 1613.155690865627, 1.9045675004562739, 4
20, 104.10168683457042, Server_04, 3.531593941666367, 1859.8307048244417, 1.9045675004562739, 4
21, 109.3646436983711, Server_04, 3.531593941666367, 1471.6062092910436, 1.9045675004562739, 4
22, 112.84076432477737, Server_04, 3.0417973963282776, 1418.2476760298155, 1.9045675004562739, 3
23, 115.9268414591674, Server_04, 3.0417973963282776, 1597.497335715302, 1.9045675004562739, 3
24, 121.67607442062565, Server_04, 3.531593941666367, 1347.1362270273255, 1.9045675004562739, 4
25, 125.24150512249727, Server_04, 3.0417973963282776, 1382.7221483822614, 1.9045675004562739, 3
26, 128.66921611756516, Server_04, 3.0417973963282776, 1438.2776164891827, 1.9045675004562739, 3
27, 132.3695907763673, Server_04, 3.0417973963282776, 1332.2975251365265, 1.9045675004562739, 3
28, 135.67961154731745, Server_04, 3.0417973963282776, 1489.4166354686697, 1.9045675004562739, 3
29, 139.38364495826667, Server_04, 3.0417973963282776, 1330.9815147527524, 1.9045675004562739, 3
30, 145.425258291872, Server_04, 3.531593941666367, 1281.9423508816578, 1.9045675004562739, 4
31, 149.14123816816067, Server_04, 3.0417973963282776, 1326.7025560224101, 1.9045675004562739, 3
32, 154.97901994135654, Server_04, 3.531593941666367, 1326.7025560224101, 1.9045675004562739, 4
33, 158.6949998176452, Server_04, 3.0417973963282776, 1326.7025560224101, 1.9045675004562739, 3
34, 164.64567676374355, Server_04, 3.531593941666367, 1301.5325937124042, 1.9045675004562739, 4
35, 170.65515800085697, Server_04, 3.531593941666367, 1288.7967687074793, 1.9045675004562739, 4
36, 174.70880577260175, Server_04, 3.0417973963282776, 1216.188548586702, 1.9045675004562739, 3
37, 181.40508486538525, Server_04, 3.531593941666367, 1156.6124847374858, 1.9045675004562739, 4
38, 185.7223476668468, Server_04, 3.0417973963282776, 1141.9272411054128, 1.9045675004562739, 3
39, 189.99959076229248, Server_04, 3.0417973963282776, 1152.611598169237, 1.9045675004562739, 3
40, 194.34784054750307, Server_04, 3.0417973963282776, 1133.7895115336025, 1.9045675004562739, 3
41, 201.09097475174448, Server_04, 3.531593941666367, 1148.5756868265228, 1.9045675004562739, 4
42, 205.43935191693166, Server_04, 3.0417973963282776, 1133.7562986645366, 1.9045675004562739, 3
43, 209.70371299043035, Server_04, 3.0417973963282776, 1156.0934721588167, 1.9045675004562739, 3
44, 216.46768940146774, Server_04, 3.531593941666367, 1145.0365183654078, 1.9045675004562739, 4
45, 220.73013690662236, Server_04, 3.0417973963282776, 1156.6124847374883, 1.9045675004562739, 3
46, 224.99258441177702, Server_04, 3.0417973963282776, 1156.6124847374808, 1.9045675004562739, 3
47, 229.25503191693164, Server_04, 3.0417973963282776, 1156.6124847374883, 1.9045675004562739, 3
48, 236.18462816520227, Server_04, 3.531593941666367, 1117.6697346447663, 1.9045675004562739, 4
49, 240.82745703833652, Server_04, 3.0417973963282776, 1061.8526193216958, 1.9045675004562739, 3
50, 245.48857229347112, Server_04, 3.0417973963282776, 1057.6867831296806, 1.9045675004562739, 3
51, 250.15074076586436, Server_04, 3.0417973963282776, 1057.4478441078902, 1.9045675004562739, 3
52, 254.90514004002685, Server_04, 3.0417973963282776, 1036.9343666174184, 1.9045675004562739, 3
53, 259.52237587245224, Server_04, 3.0417973963282776, 1067.7383999704243, 1.9045675004562739, 3
54, 267.0483393090048, Server_04, 3.531593941666367, 1029.1041227205026, 1.9045675004562739, 4
55, 271.8177833111055, Server_04, 3.0417973963282776, 1033.663462204109, 1.9045675004562739, 3
56, 276.55687605127287, Server_04, 3.0417973963282776, 1040.2835036787787, 1.9045675004562739, 3
57, 281.33265746069156, Server_04, 3.0417973963282776, 1032.2918026099676, 1.9045675004562739, 3
58, 286.06541279354093, Server_04, 3.0417973963282776, 1041.6764977858857, 1.9045675004562739, 3
59, 290.8160324452992, Server_04, 3.0417973963282776, 1037.7593580187697, 1.9045675004562739, 3
60, 295.5342668966337, Server_04, 3.0417973963282776, 1044.882370905833, 1.9045675004562739, 3
61, 300.22875913704695, Server_04, 3.0417973963282776, 1050.1668226351205, 1.9045675004562739, 3
62, 304.93351011312853, Server_04, 3.0417973963282776, 1047.8769280379677, 1.9045675004562739, 3
63, 309.63521817231936, Server_04, 3.0417973963282776, 1048.5551076194358, 1.9045675004562739, 3
64, 316.96800300170526, Server_04, 3.531593941666367, 1056.2153643131817, 1.9045675004562739, 4
65, 321.76271786570584, Server_04, 3.0417973963282776, 1028.2154705413577, 1.9045675004562739, 3
66, 326.36493947505085, Server_04, 3.0417973963282776, 1071.2217747162422, 1.9045675004562739, 3
67, 331.16122765997227, Server_04, 3.0417973963282776, 1027.8781861980146, 1.9045675004562739, 3
68, 335.76649072104294, Server_04, 3.0417973963282776, 1070.5143082214786, 1.9045675004562739, 3
69, 340.5612042986955, Server_04, 3.0417973963282776, 1028.2157463957817, 1.9045675004562739, 3
70, 345.1800141761061, Server_04, 3.0417973963282776, 1067.3745252237643, 1.9045675004562739, 3
71, 349.9604475151903, Server_04, 3.0417973963282776, 1031.287260025773, 1.9045675004562739, 3
72, 354.58482793154764, Server_04, 3.0417973963282776, 1066.0887634939459, 1.9045675004562739, 3
73, 361.980740133747, Server_04, 3.531593941666367, 1047.2001003063294, 1.9045675004562739, 4
74, 366.7342628259402, Server_04, 3.0417973963282776, 1037.125584379061, 1.9045675004562739, 3
75, 371.3799833502419, Server_04, 3.0417973963282776, 1061.1916868893122, 1.9045675004562739, 3
76, 376.1311480007893, Server_04, 3.0417973963282776, 1037.6403182390177, 1.9045675004562739, 3
77, 380.7792265667367, Server_04, 3.0417973963282776, 1060.6533280478525, 1.9045675004562739, 3
78, 385.5248141540421, Server_04, 3.0417973963282776, 1038.8597637915186, 1.9045675004562739, 3
79, 390.1784697832316, Server_04, 3.0417973963282776, 1059.382213216881, 1.9045675004562739, 3
80, 394.9226125201234, Server_04, 3.0417973963282776, 1039.176153293818, 1.9045675004562739, 3
81, 399.57771299972643, Server_04, 3.0417973963282776, 1059.0534020912028, 1.9045675004562739, 3
82, 407.0076775358089, Server_04, 3.531593941666367, 1042.4006685883357, 1.9045675004562739, 4
83, 411.6625423250334, Server_04, 3.0417973963282776, 1059.1070252808177, 1.9045675004562739, 3
84, 416.4069207523038, Server_04, 3.0417973963282776, 1039.124529287693, 1.9045675004562739, 3
85, 421.05754286704723, Server_04, 3.0417973963282776, 1060.073228562448, 1.9045675004562739, 3
86, 425.8061639687986, Server_04, 3.0417973963282776, 1038.1961193285608, 1.9045675004562739, 3
87, 430.44804783872473, Server_04, 3.0417973963282776, 1062.0687932200397, 1.9045675004562739, 3
88, 435.20540718529344, Server_04, 3.0417973963282776, 1036.2891765903312, 1.9045675004562739, 3
89, 439.8484055551391, Server_04, 3.0417973963282776, 1061.8138554642403, 1.9045675004562739, 3
90, 447.22569980385015, Server_04, 3.531593941666367, 1049.8429015967733, 1.9045675004562739, 4
91, 451.99451156036184, Server_04, 3.0417973963282776, 1033.8005045529856, 1.9045675004562739, 3
92, 456.62494302034503, Server_04, 3.0417973963282776, 1064.6955996661923, 1.9045675004562739, 3
93, 461.39982542965413, Server_04, 3.0417973963282776, 1032.4861593216376, 1.9045675004562739, 3
94, 466.0241862368399, Server_04, 3.0417973963282776, 1066.0932841441108, 1.9045675004562739, 3
95, 470.7987284202976, Server_04, 3.0417973963282776, 1032.5597325500476, 1.9045675004562739, 3
96, 475.50968994760103, Server_04, 3.0417973963282776, 1046.49549172225, 1.9045675004562739, 3
97, 480.2765241078953, Server_04, 3.0417973963282776, 1034.2293929721432, 1.9045675004562739, 3
98, 484.9785440506938, Server_04, 3.0417973963282776, 1048.4855572657957, 1.9045675004562739, 3
99, 489.7821891178568, Server_04, 3.0417973963282776, 1026.3039693962369, 1.9045675004562739, 3
100, 497.2249746016924, Server_04, 3.531593941666367, 1040.605028429307, 1.9045675004562739, 4
101, 501.9794512671886, Server_04, 3.0417973963282776, 1036.9174878441574, 1.9045675004562739, 3
102, 506.7313964266441, Server_04, 3.0417973963282776, 1037.4698853984492, 1.9045675004562739, 3
103, 511.4879880094566, Server_04, 3.0417973963282776, 1036.4564445293297, 1.9045675004562739, 3
104, 516.238334561576, Server_04, 3.0417973963282776, 1037.819019288271, 1.9045675004562739, 3
105, 521.0661356383225, Server_04, 3.0417973963282776, 1021.1688347611852, 1.9045675004562739, 3
106, 525.8295760036696, Server_04, 3.0417973963282776, 1034.9662474762247, 1.9045675004562739, 3
107, 530.6046006280133, Server_04, 3.0417973963282776, 1032.4554086833846, 1.9045675004562739, 3
108, 535.3042222362607, Server_04, 3.0417973963282776, 1049.0206256921397, 1.9045675004562739, 3
109, 540.0827222258359, Server_04, 3.0417973963282776, 1031.7045120341625, 1.9045675004562739, 3
110, 544.8127589785287, Server_04, 3.0417973963282776, 1042.2751994883388, 1.9045675004562739, 3
111, 552.3051294527555, Server_04, 3.531593941666367, 1033.718237324513, 1.9045675004562739, 4
112, 557.0331425567769, Server_04, 3.0417973963282776, 1042.721306293943, 1.9045675004562739, 3
113, 561.8136661950235, Server_04, 3.0417973963282776, 1031.267780072759, 1.9045675004562739, 3
114, 566.5412317641124, Server_04, 3.0417973963282776, 1042.8200154927079, 1.9045675004562739, 3
115, 571.3222029372915, Server_04, 3.0417973963282776, 1031.1712456366306, 1.9045675004562739, 3
116, 576.0458206748326, Server_04, 3.0417973963282776, 1043.6915673380374, 1.9045675004562739, 3
117, 580.8307396795597, Server_04, 3.0417973963282776, 1030.3204704467578, 1.9045675004562739, 3
118, 585.5434505971376, Server_04, 3.0417973963282776, 1046.1070254938759, 1.9045675004562739, 3
119, 590.3750321785367, Server_04, 3.0417973963282776, 1020.3698140956232, 1.9045675004562739, 3
120, 595.1839473125573, Server_04, 3.0417973963282776, 1025.179247835503, 1.9045675004562739, 3
121, 599.9928624465779, Server_04, 3.0417973963282776, 1025.179247835503, 1.9045675004562739, 3
122, 604.8017775805985, Server_04, 3.0417973963282776, 1025.179247835503, 1.9045675004562739, 3
123, 612.3565539929696, Server_04, 3.531593941666367, 1025.1792478355028, 1.9045675004562739, 4
124, 617.1654691269902, Server_04, 3.0417973963282776, 1025.179247835503, 1.9045675004562739, 3
125, 621.9743842610108, Server_04, 3.0417973963282776, 1025.179247835503, 1.9045675004562739, 3
126, 626.9225211682273, Server_04, 3.0417973963282776, 996.3345987476505, 1.9045675004562739, 3
127, 631.7314363022479, Server_04, 3.0417973963282776, 1025.179247835503, 1.9045675004562739, 3
128, 636.5403514362685, Server_04, 3.0417973963282776, 1025.179247835503, 1.9045675004562739, 3
129, 641.349266570289, Server_04, 3.0417973963282776, 1025.179247835503, 1.9045675004562739, 3
130, 646.1581817043096, Server_04, 3.0417973963282776, 1025.179247835503, 1.9045675004562739, 3
131, 650.9670968383302, Server_04, 3.0417973963282776, 1025.179247835503, 1.9045675004562739, 3
132, 655.7760119723508, Server_04, 3.0417973963282776, 1025.179247835503, 1.9045675004562739, 3
133, 660.5849271063714, Server_04, 3.0417973963282776, 1025.179247835503, 1.9045675004562739, 3
134, 665.393842240392, Server_04, 3.0417973963282776, 1025.179247835503, 1.9045675004562739, 3
135, 670.2027573744126, Server_04, 3.0417973963282776, 1025.179247835503, 1.9045675004562739, 3
136, 675.0116725084332, Server_04, 3.0417973963282776, 1025.179247835503, 1.9045675004562739, 3
137, 679.8205876424538, Server_04, 3.0417973963282776, 1025.179247835503, 1.9045675004562739, 3
138, 687.4076415179226, Server_04, 3.531593941666367, 1020.8178467062055, 1.9045675004562739, 4
139, 692.3258501777163, Server_04, 3.0417973963282776, 1002.3974867724944, 1.9045675004562739, 3
140, 697.2440588375101, Server_04, 3.0417973963282776, 1002.3974867724944, 1.9045675004562739, 3
141, 702.1622674973039, Server_04, 3.0417973963282776, 1002.3974867724944, 1.9045675004562739, 3
142, 707.0804761570977, Server_04, 3.0417973963282776, 1002.3974867724944, 1.9045675004562739, 3
143, 711.9986848168915, Server_04, 3.0417973963282776, 1002.3974867724944, 1.9045675004562739, 3
144, 716.9168934766852, Server_04, 3.0417973963282776, 1002.3974867724944, 1.9045675004562739, 3
145, 721.835102136479, Server_04, 3.0417973963282776, 1002.3974867724944, 1.9045675004562739, 3
146, 726.7533107962728, Server_04, 3.0417973963282776, 1002.3974867724944, 1.9045675004562739, 3
147, 731.6715194560666, Server_04, 3.0417973963282776, 1002.3974867724944, 1.9045675004562739, 3
148, 736.5897281158603, Server_04, 3.0417973963282776, 1002.3974867724944, 1.9045675004562739, 3
149, 741.5079367756541, Server_04, 3.0417973963282776, 1002.3974867724944, 1.9045675004562739, 3
150, 746.4261454354479, Server_04, 3.0417973963282776, 1002.3974867724944, 1.9045675004562739, 3
151, 751.3443540952417, Server_04, 3.0417973963282776, 1002.3974867724944, 1.9045675004562739, 3
152, 756.2625627550354, Server_04, 3.0417973963282776, 1002.3974867724944, 1.9045675004562739, 3
153, 761.1807714148292, Server_04, 3.0417973963282776, 1002.3974867724944, 1.9045675004562739, 3
154, 766.098980074623, Server_04, 3.0417973963282776, 1002.3974867724944, 1.9045675004562739, 3
155, 771.0171887344168, Server_04, 3.0417973963282776, 1002.3974867724944, 1.9045675004562739, 3
156, 775.8491368999443, Server_04, 3.0417973963282776, 1020.2924019698828, 1.9045675004562739, 3
157, 780.7405820268579, Server_04, 3.0417973963282776, 1007.8821027500173, 1.9045675004562739, 3
158, 785.6448636315409, Server_04, 3.0417973963282776, 1005.2440698536457, 1.9045675004562739, 3
159, 790.5630722913347, Server_04, 3.0417973963282776, 1002.3974867724944, 1.9045675004562739, 3
160, 795.4812809511285, Server_04, 3.0417973963282776, 1002.3974867724944, 1.9045675004562739, 3
161, 800.3994896109223, Server_04, 3.0417973963282776, 1002.3974867724944, 1.9045675004562739, 3
162, 805.317698270716, Server_04, 3.0417973963282776, 1002.3974867724944, 1.9045675004562739, 3
163, 810.2359069305098, Server_04, 3.0417973963282776, 1002.3974867724944, 1.9045675004562739, 3
164, 815.2185599143812, Server_04, 3.0417973963282776, 989.4327411437592, 1.9045675004562739, 3
165, 820.2310752162756, Server_04, 3.0417973963282776, 983.5381446390404, 1.9045675004562739, 3
166, 823.3635651131829, Server_04, 2.5526430912103453, 1002.3974867724731, 1.9045675004562739, 2
167, 831.0900409894715, Server_04, 3.531593941666367, 1002.3974867724886, 1.9045675004562739, 4
168, 836.0082496492653, Server_04, 3.0417973963282776, 1002.3974867724944, 1.9045675004562739, 3
169, 840.9264583090591, Server_04, 3.0417973963282776, 1002.3974867724944, 1.9045675004562739, 3
170, 845.8446669688528, Server_04, 3.0417973963282776, 1002.3974867724944, 1.9045675004562739, 3
171, 850.7628756286466, Server_04, 3.0417973963282776, 1002.3974867724944, 1.9045675004562739, 3
172, 855.6810842884404, Server_04, 3.0417973963282776, 1002.3974867724944, 1.9045675004562739, 3
173, 860.5992929482342, Server_04, 3.0417973963282776, 1002.3974867724944, 1.9045675004562739, 3
174, 865.5175016080279, Server_04, 3.0417973963282776, 1002.3974867724944, 1.9045675004562739, 3
175, 870.4357102678217, Server_04, 3.0417973963282776, 1002.3974867724944, 1.9045675004562739, 3
176, 875.3539189276155, Server_04, 3.0417973963282776, 1002.3974867724944, 1.9045675004562739, 3
177, 880.2721275874093, Server_04, 3.0417973963282776, 1002.3974867724944, 1.9045675004562739, 3
178, 885.190336247203, Server_04, 3.0417973963282776, 1002.3974867724944, 1.9045675004562739, 3
179, 890.1085449069968, Server_04, 3.0417973963282776, 1002.3974867724944, 1.9045675004562739, 3
180, 895.0267535667906, Server_04, 3.0417973963282776, 1002.3974867724944, 1.9045675004562739, 3
181, 899.9449622265844, Server_04, 3.0417973963282776, 1002.3974867724944, 1.9045675004562739, 3
182, 904.8631708863782, Server_04, 3.0417973963282776, 1002.3974867724944, 1.9045675004562739, 3
183, 912.5896467626668, Server_04, 3.531593941666367, 1002.3974867724886, 1.9045675004562739, 4
184, 917.5078554224606, Server_04, 3.0417973963282776, 1002.3974867724944, 1.9045675004562739, 3
185, 922.4260640822544, Server_04, 3.0417973963282776, 1002.3974867724944, 1.9045675004562739, 3
186, 927.3442727420481, Server_04, 3.0417973963282776, 1002.3974867724944, 1.9045675004562739, 3
187, 932.2624814018419, Server_04, 3.0417973963282776, 1002.3974867724944, 1.9045675004562739, 3
188, 937.1806900616357, Server_04, 3.0417973963282776, 1002.3974867724944, 1.9045675004562739, 3
189, 942.0988987214295, Server_04, 3.0417973963282776, 1002.3974867724944, 1.9045675004562739, 3
190, 947.0171073812232, Server_04, 3.0417973963282776, 1002.3974867724944, 1.9045675004562739, 3
191, 951.935316041017, Server_04, 3.0417973963282776, 1002.3974867724944, 1.9045675004562739, 3
192, 956.8535247008108, Server_04, 3.0417973963282776, 1002.3974867724944, 1.9045675004562739, 3
193, 961.7717333606046, Server_04, 3.0417973963282776, 1002.3974867724944, 1.9045675004562739, 3
194, 966.6899420203983, Server_04, 3.0417973963282776, 1002.3974867724944, 1.9045675004562739, 3
195, 971.6081506801921, Server_04, 3.0417973963282776, 1002.3974867724944, 1.9045675004562739, 3
196, 976.5263593399859, Server_04, 3.0417973963282776, 1002.3974867724944, 1.9045675004562739, 3
197, 981.4445679997797, Server_04, 3.0417973963282776, 1002.3974867724944, 1.9045675004562739, 3
198, 986.3627766595735, Server_04, 3.0417973963282776, 1002.3974867724944, 1.9045675004562739, 3
199, 991.2809853193672, Server_04, 3.0417973963282776, 1002.3974867724944, 1.9045675004562739, 3
200, 996.199193979161, Server_04, 3.0417973963282776, 1002.3974867724944, 1.9045675004562739, 3
201, 1001.1174026389548, Server_04, 3.0417973963282776, 1002.3974867724944, 1.9045675004562739, 3
202, 1006.0356112987486, Server_04, 3.0417973963282776, 1002.3974867724944, 1.9045675004562739, 3
203, 1010.9538199585423, Server_04, 3.0417973963282776, 1002.3974867724944, 1.9045675004562739, 3
204, 1015.8720286183361, Server_04, 3.0417973963282776, 1002.3974867724944, 1.9045675004562739, 3
205, 1020.7902372781299, Server_04, 3.0417973963282776, 1002.3974867724944, 1.9045675004562739, 3
206, 1025.7084459379237, Server_04, 3.0417973963282776, 1002.3974867724944, 1.9045675004562739, 3
207, 1030.6266545977176, Server_04, 3.0417973963282776, 1002.3974867724712, 1.9045675004562739, 3
208, 1035.5448632575115, Server_04, 3.0417973963282776, 1002.3974867724712, 1.9045675004562739, 3
209, 1040.4630719173053, Server_04, 3.0417973963282776, 1002.3974867724712, 1.9045675004562739, 3
210, 1045.3812805770992, Server_04, 3.0417973963282776, 1002.3974867724712, 1.9045675004562739, 3
211, 1050.2994892368931, Server_04, 3.0417973963282776, 1002.3974867724712, 1.9045675004562739, 3
212, 1055.217697896687, Server_04, 3.0417973963282776, 1002.3974867724712, 1.9045675004562739, 3
213, 1060.135906556481, Server_04, 3.0417973963282776, 1002.3974867724712, 1.9045675004562739, 3
214, 1065.0541152162748, Server_04, 3.0417973963282776, 1002.3974867724712, 1.9045675004562739, 3
215, 1069.9723238760687, Server_04, 3.0417973963282776, 1002.3974867724712, 1.9045675004562739, 3
216, 1074.8905325358626, Server_04, 3.0417973963282776, 1002.3974867724712, 1.9045675004562739, 3
217, 1082.689057972303, Server_04, 3.531593941666367, 993.1364670312669, 1.9045675004562739, 4
218, 1087.6960516516738, Server_04, 3.0417973963282776, 984.6227728051861, 1.9045675004562739, 3
219, 1090.828541548581, Server_04, 2.5526430912103453, 1002.3974867725095, 1.9045675004562739, 2
220, 1095.7467502083748, Server_04, 3.0417973963282776, 1002.3974867724712, 1.9045675004562739, 3
221, 1100.6649588681687, Server_04, 3.0417973963282776, 1002.3974867724712, 1.9045675004562739, 3
222, 1105.5831675279626, Server_04, 3.0417973963282776, 1002.3974867724712, 1.9045675004562739, 3
223, 1110.5543959991658, Server_04, 3.0417973963282776, 991.7065829015907, 1.9045675004562739, 3
224, 1115.505601919424, Server_04, 3.0417973963282776, 995.7170191263053, 1.9045675004562739, 3
225, 1120.583342194725, Server_04, 3.0417973963282776, 970.9043260799154, 1.9045675004562739, 3
226, 1123.667398717786, Server_04, 2.5526430912103453, 1018.1395757570184, 1.9045675004562739, 2
227, 1131.2221751301572, Server_04, 3.531593941666367, 1025.1792478354873, 1.9045675004562739, 4
228, 1136.031090264178, Server_04, 3.0417973963282776, 1025.1792478354787, 1.9045675004562739, 3
229, 1140.8400053981986, Server_04, 3.0417973963282776, 1025.1792478354787, 1.9045675004562739, 3
230, 1145.6489205322193, Server_04, 3.0417973963282776, 1025.1792478354787, 1.9045675004562739, 3
231, 1150.45783566624, Server_04, 3.0417973963282776, 1025.1792478354787, 1.9045675004562739, 3
232, 1155.2667508002608, Server_04, 3.0417973963282776, 1025.1792478354787, 1.9045675004562739, 3
233, 1160.0756659342815, Server_04, 3.0417973963282776, 1025.1792478354787, 1.9045675004562739, 3
234, 1164.8845810683022, Server_04, 3.0417973963282776, 1025.1792478354787, 1.9045675004562739, 3
235, 1172.4393574806734, Server_04, 3.531593941666367, 1025.1792478354873, 1.9045675004562739, 4
236, 1177.248272614694, Server_04, 3.0417973963282776, 1025.1792478354787, 1.9045675004562739, 3
237, 1182.0571877487148, Server_04, 3.0417973963282776, 1025.1792478354787, 1.9045675004562739, 3
238, 1186.8661028827355, Server_04, 3.0417973963282776, 1025.1792478354787, 1.9045675004562739, 3
239, 1191.6750180167562, Server_04, 3.0417973963282776, 1025.1792478354787, 1.9045675004562739, 3
240, 1196.483933150777, Server_04, 3.0417973963282776, 1025.1792478354787, 1.9045675004562739, 3
241, 1201.2928482847976, Server_04, 3.0417973963282776, 1025.1792478354787, 1.9045675004562739, 3
242, 1206.1017634188183, Server_04, 3.0417973963282776, 1025.1792478354787, 1.9045675004562739, 3
243, 1210.910678552839, Server_04, 3.0417973963282776, 1025.1792478354787, 1.9045675004562739, 3
244, 1215.7195936868598, Server_04, 3.0417973963282776, 1025.1792478354787, 1.9045675004562739, 3
245, 1220.5285088208805, Server_04, 3.0417973963282776, 1025.1792478354787, 1.9045675004562739, 3
246, 1225.3374239549012, Server_04, 3.0417973963282776, 1025.1792478354787, 1.9045675004562739, 3
247, 1230.1463390889219, Server_04, 3.0417973963282776, 1025.1792478354787, 1.9045675004562739, 3
248, 1234.9552542229426, Server_04, 3.0417973963282776, 1025.1792478354787, 1.9045675004562739, 3
249, 1239.7641693569633, Server_04, 3.0417973963282776, 1025.1792478354787, 1.9045675004562739, 3
250, 1247.3189457693345, Server_04, 3.531593941666367, 1025.1792478354873, 1.9045675004562739, 4
251, 1252.1278609033552, Server_04, 3.0417973963282776, 1025.1792478354787, 1.9045675004562739, 3
252, 1256.936776037376, Server_04, 3.0417973963282776, 1025.1792478354787, 1.9045675004562739, 3
253, 1261.7456911713966, Server_04, 3.0417973963282776, 1025.1792478354787, 1.9045675004562739, 3
254, 1266.5546063054173, Server_04, 3.0417973963282776, 1025.1792478354787, 1.9045675004562739, 3
255, 1271.363521439438, Server_04, 3.0417973963282776, 1025.1792478354787, 1.9045675004562739, 3
256, 1276.1724365734588, Server_04, 3.0417973963282776, 1025.1792478354787, 1.9045675004562739, 3
257, 1280.9813517074795, Server_04, 3.0417973963282776, 1025.1792478354787, 1.9045675004562739, 3
258, 1285.7902668415002, Server_04, 3.0417973963282776, 1025.1792478354787, 1.9045675004562739, 3
259, 1290.5991819755209, Server_04, 3.0417973963282776, 1025.1792478354787, 1.9045675004562739, 3
260, 1295.4080971095416, Server_04, 3.0417973963282776, 1025.1792478354787, 1.9045675004562739, 3
261, 1300.2170122435623, Server_04, 3.0417973963282776, 1025.1792478354787, 1.9045675004562739, 3
262, 1305.025927377583, Server_04, 3.0417973963282776, 1025.1792478354787, 1.9045675004562739, 3
263, 1309.8348425116037, Server_04, 3.0417973963282776, 1025.1792478354787, 1.9045675004562739, 3
264, 1317.389618923975, Server_04, 3.531593941666367, 1025.1792478354873, 1.9045675004562739, 4
265, 1322.1985340579956, Server_04, 3.0417973963282776, 1025.1792478354787, 1.9045675004562739, 3
266, 1327.0074491920163, Server_04, 3.0417973963282776, 1025.1792478354787, 1.9045675004562739, 3
267, 1331.875132318197, Server_04, 3.0417973963282776, 1012.8021632065763, 1.9045675004562739, 3
268, 1336.6948903466555, Server_04, 3.0417973963282776, 1022.8729265848334, 1.9045675004562739, 3
269, 1341.5706493114985, Server_04, 3.0417973963282776, 1011.1246342462915, 1.9045675004562739, 3
270, 1346.3823315012946, Server_04, 3.0417973963282776, 1024.5896976435413, 1.9045675004562739, 3
271, 1351.1912466353153, Server_04, 3.0417973963282776, 1025.1792478354787, 1.9045675004562739, 3
272, 1356.0943007580192, Server_04, 3.0417973963282776, 1005.495733194402, 1.9045675004562739, 3
273, 1361.0125094178131, Server_04, 3.0417973963282776, 1002.3974867724712, 1.9045675004562739, 3
274, 1365.930718077607, Server_04, 3.0417973963282776, 1002.3974867724712, 1.9045675004562739, 3
275, 1370.848926737401, Server_04, 3.0417973963282776, 1002.3974867724712, 1.9045675004562739, 3
276, 1375.9382365882668, Server_04, 3.0417973963282776, 968.697160217353, 1.9045675004562739, 3
277, 1379.056059455808, Server_04, 2.5526430912103453, 1007.1130187316426, 1.9045675004562739, 2
278, 1386.8020470298627, Server_04, 3.531593941666367, 999.8725050814746, 1.9045675004562739, 4
279, 1391.7898665762546, Server_04, 3.0417973963282776, 988.4078511954841, 1.9045675004562739, 3
280, 1396.7389419465721, Server_04, 3.0417973963282776, 996.1456698695695, 1.9045675004562739, 3
281, 1401.69589478244, Server_04, 3.0417973963282776, 994.5626200691489, 1.9045675004562739, 3
282, 1406.683714328832, Server_04, 3.0417973963282776, 988.4078511954841, 1.9045675004562739, 3
283, 1411.65210329772, Server_04, 3.0417973963282776, 992.2733567905992, 1.9045675004562739, 3
284, 1416.5929786021875, Server_04, 3.0417973963282776, 997.7989113674614, 1.9045675004562739, 3
285, 1421.6204807877546, Server_04, 3.0417973963282776, 980.6062370600292, 1.9045675004562739, 3
286, 1424.8255142512435, Server_04, 2.5526430912103453, 979.7089596006517, 1.9045675004562739, 2
287, 1429.6142174733482, Server_04, 3.0417973963282776, 1029.5062716025263, 1.9045675004562739, 3
288, 1437.4796751847932, Server_04, 3.531593941666367, 984.6852254675806, 1.9045675004562739, 4
289, 1440.6417297156772, Server_04, 2.5526430912103453, 993.025252832107, 1.9045675004562739, 2
290, 1445.6207348123385, Server_04, 3.0417973963282776, 990.1576528423116, 1.9045675004562739, 3
291, 1450.6407106891866, Server_04, 3.0417973963282776, 982.0764324260883, 1.9045675004562739, 3
292, 1453.7732005860937, Server_04, 2.5526430912103453, 1002.3974867725095, 1.9045675004562739, 2
293, 1461.4996764623825, Server_04, 3.531593941666367, 1002.3974867724738, 1.9045675004562739, 4
294, 1466.592159437538, Server_04, 3.0417973963282776, 968.0935653691602, 1.9045675004562739, 3
295, 1470.0693591307834, Server_04, 2.5526430912103453, 903.0255024178051, 1.9045675004562739, 2
296, 1473.0606952926414, Server_04, 2.5526430912103453, 1049.6981382559206, 1.9045675004562739, 2
297, 1480.3234387566765, Server_04, 3.531593941666367, 1066.4014278286172, 1.9045675004562739, 4
298, 1485.058773252495, Server_04, 3.0417973963282776, 1041.1091348147404, 1.9045675004562739, 3
299, 1490.0862684025365, Server_04, 3.0417973963282776, 980.6076093299407, 1.9045675004562739, 3
300, 1493.2883691860416, Server_04, 2.5526430912103453, 980.6062370600574, 1.9045675004562739, 2
301, 1498.2940667005146, Server_04, 3.0417973963282776, 984.8777289770011, 1.9045675004562739, 3
302, 1503.2151122463918, Server_04, 3.0417973963282776, 1001.8196243134397, 1.9045675004562739, 3
303, 1511.293696919102, Server_04, 3.531593941666367, 958.7075352645364, 1.9045675004562739, 4
304, 1514.5235600779322, Server_04, 2.5526430912103453, 972.1774098743443, 1.9045675004562739, 2
305, 1519.338052071251, Server_04, 3.0417973963282776, 1023.9917330512686, 1.9045675004562739, 3
306, 1526.8928284836222, Server_04, 3.531593941666367, 1025.1792478354873, 1.9045675004562739, 4
307, 1531.701743617643, Server_04, 3.0417973963282776, 1025.1792478354787, 1.9045675004562739, 3
308, 1536.5106587516636, Server_04, 3.0417973963282776, 1025.1792478354787, 1.9045675004562739, 3
309, 1541.3195738856843, Server_04, 3.0417973963282776, 1025.1792478354787, 1.9045675004562739, 3
310, 1546.128489019705, Server_04, 3.0417973963282776, 1025.1792478354787, 1.9045675004562739, 3
311, 1550.9374041537258, Server_04, 3.0417973963282776, 1025.1792478354787, 1.9045675004562739, 3
312, 1555.7463192877465, Server_04, 3.0417973963282776, 1025.1792478354787, 1.9045675004562739, 3
313, 1560.5552344217672, Server_04, 3.0417973963282776, 1025.1792478354787, 1.9045675004562739, 3
314, 1565.364149555788, Server_04, 3.0417973963282776, 1025.1792478354787, 1.9045675004562739, 3
315, 1570.1730646898086, Server_04, 3.0417973963282776, 1025.1792478354787, 1.9045675004562739, 3
316, 1574.9819798238293, Server_04, 3.0417973963282776, 1025.1792478354787, 1.9045675004562739, 3
317, 1579.818253439092, Server_04, 3.0417973963282776, 1019.3798763663028, 1.9045675004562739, 3
318, 1587.5447293153807, Server_04, 3.531593941666367, 1002.3974867724738, 1.9045675004562739, 4
319, 1592.4629379751746, Server_04, 3.0417973963282776, 1002.3974867724712, 1.9045675004562739, 3
320, 1597.3811466349684, Server_04, 3.0417973963282776, 1002.3974867724712, 1.9045675004562739, 3
321, 1602.2993552947623, Server_04, 3.0417973963282776, 1002.3974867724712, 1.9045675004562739, 3
322, 1607.2175639545562, Server_04, 3.0417973963282776, 1002.3974867724712, 1.9045675004562739, 3
323, 1612.1357726143501, Server_04, 3.0417973963282776, 1002.3974867724712, 1.9045675004562739, 3
324, 1617.053981274144, Server_04, 3.0417973963282776, 1002.3974867724712, 1.9045675004562739, 3
325, 1621.972189933938, Server_04, 3.0417973963282776, 1002.3974867724712, 1.9045675004562739, 3
326, 1626.8903985937318, Server_04, 3.0417973963282776, 1002.3974867724712, 1.9045675004562739, 3
327, 1631.8086072535257, Server_04, 3.0417973963282776, 1002.3974867724712, 1.9045675004562739, 3
328, 1636.7268159133196, Server_04, 3.0417973963282776, 1002.3974867724712, 1.9045675004562739, 3
329, 1641.6450245731135, Server_04, 3.0417973963282776, 1002.3974867724712, 1.9045675004562739, 3
330, 1646.5632332329074, Server_04, 3.0417973963282776, 1002.3974867724712, 1.9045675004562739, 3
331, 1651.4814418927012, Server_04, 3.0417973963282776, 1002.3974867724712, 1.9045675004562739, 3
332, 1656.3996505524951, Server_04, 3.0417973963282776, 1002.3974867724712, 1.9045675004562739, 3
333, 1661.317859212289, Server_04, 3.0417973963282776, 1002.3974867724712, 1.9045675004562739, 3
334, 1666.236067872083, Server_04, 3.0417973963282776, 1002.3974867724712, 1.9045675004562739, 3
335, 1671.1542765318768, Server_04, 3.0417973963282776, 1002.3974867724712, 1.9045675004562739, 3
336, 1676.0724851916707, Server_04, 3.0417973963282776, 1002.3974867724712, 1.9045675004562739, 3
337, 1680.9906938514646, Server_04, 3.0417973963282776, 1002.3974867724712, 1.9045675004562739, 3
338, 1685.9089025112585, Server_04, 3.0417973963282776, 1002.3974867724712, 1.9045675004562739, 3
339, 1690.8271111710524, Server_04, 3.0417973963282776, 1002.3974867724712, 1.9045675004562739, 3
340, 1695.7453198308463, Server_04, 3.0417973963282776, 1002.3974867724712, 1.9045675004562739, 3
341, 1700.6635284906401, Server_04, 3.0417973963282776, 1002.3974867724712, 1.9045675004562739, 3
342, 1705.581737150434, Server_04, 3.0417973963282776, 1002.3974867724712, 1.9045675004562739, 3
343, 1710.499945810228, Server_04, 3.0417973963282776, 1002.3974867724712, 1.9045675004562739, 3
344, 1715.4181544700218, Server_04, 3.0417973963282776, 1002.3974867724712, 1.9045675004562739, 3
345, 1720.3363631298157, Server_04, 3.0417973963282776, 1002.3974867724712, 1.9045675004562739, 3
346, 1725.4103105276115, Server_04, 3.0417973963282776, 971.6300965480398, 1.9045675004562739, 3
347, 1728.6526255651313, Server_04, 2.5526430912103453, 968.4438321582509, 1.9045675004562739, 2
348, 1733.4669075200816, Server_04, 3.0417973963282776, 1024.0364079487988, 1.9045675004562739, 3
349, 1741.0216839324528, Server_04, 3.531593941666367, 1025.1792478354873, 1.9045675004562739, 4
350, 1745.8305990664735, Server_04, 3.0417973963282776, 1025.1792478354787, 1.9045675004562739, 3
351, 1750.6395142004942, Server_04, 3.0417973963282776, 1025.1792478354787, 1.9045675004562739, 3
352, 1755.448429334515, Server_04, 3.0417973963282776, 1025.1792478354787, 1.9045675004562739, 3
353, 1760.2573444685356, Server_04, 3.0417973963282776, 1025.1792478354787, 1.9045675004562739, 3
354, 1765.0662596025563, Server_04, 3.0417973963282776, 1025.1792478354787, 1.9045675004562739, 3
355, 1769.875174736577, Server_04, 3.0417973963282776, 1025.1792478354787, 1.9045675004562739, 3
356, 1777.4299511489482, Server_04, 3.531593941666367, 1025.1792478354873, 1.9045675004562739, 4
357, 1782.238866282969, Server_04, 3.0417973963282776, 1025.1792478354787, 1.9045675004562739, 3
358, 1787.0477814169897, Server_04, 3.0417973963282776, 1025.1792478354787, 1.9045675004562739, 3
359, 1791.8566965510104, Server_04, 3.0417973963282776, 1025.1792478354787, 1.9045675004562739, 3
360, 1796.665611685031, Server_04, 3.0417973963282776, 1025.1792478354787, 1.9045675004562739, 3
361, 1801.4745268190518, Server_04, 3.0417973963282776, 1025.1792478354787, 1.9045675004562739, 3
362, 1806.294139590236, Server_04, 3.0417973963282776, 1022.9037547322845, 1.9045675004562739, 3
363, 1811.21234825003, Server_04, 3.0417973963282776, 1002.3974867724712, 1.9045675004562739, 3
364, 1816.1305569098238, Server_04, 3.0417973963282776, 1002.3974867724712, 1.9045675004562739, 3
365, 1821.0487655696177, Server_04, 3.0417973963282776, 1002.3974867724712, 1.9045675004562739, 3
366, 1826.1191315803644, Server_04, 3.0417973963282776, 972.3163948225374, 1.9045675004562739, 3
367, 1829.4421793604613, Server_04, 2.5526430912103453, 944.915694203004, 1.9045675004562739, 2
368, 1834.6214359245914, Server_04, 3.0417973963282776, 951.8740651203883, 1.9045675004562739, 3
369, 1839.671925803595, Server_04, 3.0417973963282776, 976.142932291668, 1.9045675004562739, 3
370, 1844.8087215149353, Server_04, 3.0417973963282776, 959.7422745693931, 1.9045675004562739, 3
371, 1849.9455172262756, Server_04, 3.0417973963282776, 959.7422745693931, 1.9045675004562739, 3
372, 1853.2172288963786, Server_04, 2.5526430912103453, 959.7422745694121, 1.9045675004562739, 2
373, 1858.3540246077189, Server_04, 3.0417973963282776, 959.7422745693931, 1.9045675004562739, 3
374, 1863.491187478313, Server_04, 3.0417973963282776, 959.6736806263539, 1.9045675004562739, 3
375, 1868.7372767154263, Server_04, 3.0417973963282776, 939.7476438491999, 1.9045675004562739, 3
376, 1873.9833659525398, Server_04, 3.0417973963282776, 939.7476438491999, 1.9045675004562739, 3
377, 1879.2294551896532, Server_04, 3.0417973963282776, 939.7476438491999, 1.9045675004562739, 3
378, 1884.4755444267666, Server_04, 3.0417973963282776, 939.7476438491999, 1.9045675004562739, 3
379, 1889.72163366388, Server_04, 3.0417973963282776, 939.7476438491999, 1.9045675004562739, 3
380, 1894.9677229009935, Server_04, 3.0417973963282776, 939.7476438491999, 1.9045675004562739, 3
381, 1898.3090454576945, Server_04, 2.5526430912103453, 939.7476438492106, 1.9045675004562739, 2
382, 1903.555134694808, Server_04, 3.0417973963282776, 939.7476438491999, 1.9045675004562739, 3
383, 1908.8012239319214, Server_04, 3.0417973963282776, 939.7476438491999, 1.9045675004562739, 3
384, 1914.0473131690349, Server_04, 3.0417973963282776, 939.7476438491999, 1.9045675004562739, 3
385, 1919.2934024061483, Server_04, 3.0417973963282776, 939.7476438491999, 1.9045675004562739, 3
386, 1924.5394916432617, Server_04, 3.0417973963282776, 939.7476438491999, 1.9045675004562739, 3
387, 1929.7855808803752, Server_04, 3.0417973963282776, 939.7476438491999, 1.9045675004562739, 3
388, 1935.0316701174886, Server_04, 3.0417973963282776, 939.7476438491999, 1.9045675004562739, 3
389, 1938.3729926741896, Server_04, 2.5526430912103453, 939.7476438492106, 1.9045675004562739, 2
390, 1943.619081911303, Server_04, 3.0417973963282776, 939.7476438491999, 1.9045675004562739, 3
391, 1948.8651711484165, Server_04, 3.0417973963282776, 939.7476438491999, 1.9045675004562739, 3
392, 1954.11126038553, Server_04, 3.0417973963282776, 939.7476438491999, 1.9045675004562739, 3
393, 1959.3573496226434, Server_04, 3.0417973963282776, 939.7476438491999, 1.9045675004562739, 3
394, 1964.63734864087, Server_04, 3.0417973963282776, 933.7122948283908, 1.9045675004562739, 3
395, 1969.9191389834682, Server_04, 3.0417973963282776, 933.3956253884194, 1.9045675004562739, 3
396, 1973.32929280171, Server_04, 2.5526430912103453, 920.7795798545487, 1.9045675004562739, 2
397, 1978.6102466476116, Server_04, 3.0417973963282776, 933.5434741256049, 1.9045675004562739, 3
398, 1983.8918617875918, Server_04, 3.0417973963282776, 933.4265881437318, 1.9045675004562739, 3
399, 1989.2075619113032, Server_04, 3.0417973963282776, 927.4413313890813, 1.9045675004562739, 3
400, 1994.5232620350146, Server_04, 3.0417973963282776, 927.4413313890813, 1.9045675004562739, 3
401, 1999.809892998127, Server_04, 3.0417973963282776, 932.5409763607809, 1.9045675004562739, 3
402, 2005.1652757610136, Server_04, 3.0417973963282776, 920.5691205053412, 1.9045675004562739, 3
403, 2008.5762092043126, Server_04, 2.5526430912103453, 920.569120505344, 1.9045675004562739, 2
404, 2013.9315919671992, Server_04, 3.0417973963282776, 920.5691205053412, 1.9045675004562739, 3
405, 2019.2869747300858, Server_04, 3.0417973963282776, 920.5691205053412, 1.9045675004562739, 3
406, 2024.6423574929725, Server_04, 3.0417973963282776, 920.5691205053412, 1.9045675004562739, 3
407, 2029.997740255859, Server_04, 3.0417973963282776, 920.5691205053412, 1.9045675004562739, 3
408, 2033.408673699158, Server_04, 2.5526430912103453, 920.569120505344, 1.9045675004562739, 2
409, 2038.7640564620447, Server_04, 3.0417973963282776, 920.5691205053412, 1.9045675004562739, 3
410, 2044.1194392249313, Server_04, 3.0417973963282776, 920.5691205053412, 1.9045675004562739, 3
411, 2049.474821987818, Server_04, 3.0417973963282776, 920.5691205053412, 1.9045675004562739, 3
412, 2054.8302047507045, Server_04, 3.0417973963282776, 920.5691205053412, 1.9045675004562739, 3
413, 2060.185587513591, Server_04, 3.0417973963282776, 920.5691205053412, 1.9045675004562739, 3
414, 2063.59652095689, Server_04, 2.5526430912103453, 920.5691205054054, 1.9045675004562739, 2
415, 2068.9519037197765, Server_04, 3.0417973963282776, 920.5691205053412, 1.9045675004562739, 3
416, 2074.307286482663, Server_04, 3.0417973963282776, 920.5691205053412, 1.9045675004562739, 3
417, 2079.6626692455498, Server_04, 3.0417973963282776, 920.5691205053412, 1.9045675004562739, 3
418, 2085.0180520084364, Server_04, 3.0417973963282776, 920.5691205053412, 1.9045675004562739, 3
419, 2088.428985451735, Server_04, 2.5526430912103453, 920.5691205054054, 1.9045675004562739, 2
420, 2093.7843682146217, Server_04, 3.0417973963282776, 920.5691205053412, 1.9045675004562739, 3
421, 2099.1397509775084, Server_04, 3.0417973963282776, 920.5691205053412, 1.9045675004562739, 3
422, 2104.495133740395, Server_04, 3.0417973963282776, 920.5691205053412, 1.9045675004562739, 3
423, 2109.8505165032816, Server_04, 3.0417973963282776, 920.5691205053412, 1.9045675004562739, 3
424, 2115.205899266168, Server_04, 3.0417973963282776, 920.5691205053412, 1.9045675004562739, 3
425, 2118.616832709467, Server_04, 2.5526430912103453, 920.5691205054054, 1.9045675004562739, 2
426, 2123.9722154723536, Server_04, 3.0417973963282776, 920.5691205053412, 1.9045675004562739, 3
427, 2129.32759823524, Server_04, 3.0417973963282776, 920.5691205053412, 1.9045675004562739, 3
428, 2134.682980998127, Server_04, 3.0417973963282776, 920.5691205053412, 1.9045675004562739, 3
429, 2140.0383637610134, Server_04, 3.0417973963282776, 920.5691205053412, 1.9045675004562739, 3
430, 2143.449297204312, Server_04, 2.5526430912103453, 920.5691205054054, 1.9045675004562739, 2
431, 2148.804679967199, Server_04, 3.0417973963282776, 920.5691205053412, 1.9045675004562739, 3
432, 2154.1600627300854, Server_04, 3.0417973963282776, 920.5691205053412, 1.9045675004562739, 3
433, 2159.515445492972, Server_04, 3.0417973963282776, 920.5691205053412, 1.9045675004562739, 3
434, 2164.8708282558587, Server_04, 3.0417973963282776, 920.5691205053412, 1.9045675004562739, 3
435, 2170.2262110187453, Server_04, 3.0417973963282776, 920.5691205053412, 1.9045675004562739, 3
436, 2173.637144462044, Server_04, 2.5526430912103453, 920.5691205054054, 1.9045675004562739, 2
437, 2178.9925272249307, Server_04, 3.0417973963282776, 920.5691205053412, 1.9045675004562739, 3
438, 2184.3479099878173, Server_04, 3.0417973963282776, 920.5691205053412, 1.9045675004562739, 3
439, 2189.703292750704, Server_04, 3.0417973963282776, 920.5691205053412, 1.9045675004562739, 3
440, 2195.0586755135905, Server_04, 3.0417973963282776, 920.5691205053412, 1.9045675004562739, 3
441, 2198.4696089568893, Server_04, 2.5526430912103453, 920.5691205054054, 1.9045675004562739, 2
442, 2203.824991719776, Server_04, 3.0417973963282776, 920.5691205053412, 1.9045675004562739, 3
443, 2209.1803744826625, Server_04, 3.0417973963282776, 920.5691205053412, 1.9045675004562739, 3
444, 2214.535757245549, Server_04, 3.0417973963282776, 920.5691205053412, 1.9045675004562739, 3
445, 2219.8911400084357, Server_04, 3.0417973963282776, 920.5691205053412, 1.9045675004562739, 3
446, 2225.2465227713224, Server_04, 3.0417973963282776, 920.5691205053412, 1.9045675004562739, 3
447, 2228.657456214621, Server_04, 2.5526430912103453, 920.5691205054054, 1.9045675004562739, 2
448, 2234.0128389775077, Server_04, 3.0417973963282776, 920.5691205053412, 1.9045675004562739, 3
449, 2239.3682217403943, Server_04, 3.0417973963282776, 920.5691205053412, 1.9045675004562739, 3
450, 2244.723604503281, Server_04, 3.0417973963282776, 920.5691205053412, 1.9045675004562739, 3
451, 2250.0789872661676, Server_04, 3.0417973963282776, 920.5691205053412, 1.9045675004562739, 3
452, 2253.4899207094663, Server_04, 2.5526430912103453, 920.5691205054054, 1.9045675004562739, 2
453, 2258.845303472353, Server_04, 3.0417973963282776, 920.5691205053412, 1.9045675004562739, 3
454, 2264.2006862352396, Server_04, 3.0417973963282776, 920.5691205053412, 1.9045675004562739, 3
455, 2269.556068998126, Server_04, 3.0417973963282776, 920.5691205053412, 1.9045675004562739, 3
456, 2274.911451761013, Server_04, 3.0417973963282776, 920.5691205053412, 1.9045675004562739, 3
457, 2278.3223852043116, Server_04, 2.5526430912103453, 920.5691205054054, 1.9045675004562739, 2
458, 2283.677767967198, Server_04, 3.0417973963282776, 920.5691205053412, 1.9045675004562739, 3
459, 2289.033150730085, Server_04, 3.0417973963282776, 920.5691205053412, 1.9045675004562739, 3
460, 2294.3885334929714, Server_04, 3.0417973963282776, 920.5691205053412, 1.9045675004562739, 3
461, 2299.743916255858, Server_04, 3.0417973963282776, 920.5691205053412, 1.9045675004562739, 3
462, 2305.0992990187447, Server_04, 3.0417973963282776, 920.5691205053412, 1.9045675004562739, 3
463, 2308.5102324620434, Server_04, 2.5526430912103453, 920.5691205054054, 1.9045675004562739, 2
464, 2313.86561522493, Server_04, 3.0417973963282776, 920.5691205053412, 1.9045675004562739, 3
465, 2319.2209979878166, Server_04, 3.0417973963282776, 920.5691205053412, 1.9045675004562739, 3
466, 2324.5763807507033, Server_04, 3.0417973963282776, 920.5691205053412, 1.9045675004562739, 3
467, 2329.93176351359, Server_04, 3.0417973963282776, 920.5691205053412, 1.9045675004562739, 3
468, 2333.3426969568886, Server_04, 2.5526430912103453, 920.5691205054054, 1.9045675004562739, 2
469, 2338.6980797197753, Server_04, 3.0417973963282776, 920.5691205053412, 1.9045675004562739, 3
470, 2344.053462482662, Server_04, 3.0417973963282776, 920.5691205053412, 1.9045675004562739, 3
471, 2349.4088452455485, Server_04, 3.0417973963282776, 920.5691205053412, 1.9045675004562739, 3
472, 2354.764228008435, Server_04, 3.0417973963282776, 920.5691205053412, 1.9045675004562739, 3
473, 2360.1196107713217, Server_04, 3.0417973963282776, 920.5691205053412, 1.9045675004562739, 3
474, 2363.5410871521403, Server_04, 2.5526430912103453, 917.7324787636678, 1.9045675004562739, 2
475, 2368.9555378641053, Server_04, 3.0417973963282776, 910.5263418698413, 1.9045675004562739, 3
476, 2374.3805315135896, Server_04, 3.0417973963282776, 908.756824161186, 1.9045675004562739, 3
477, 2379.773778930803, Server_04, 3.0417973963282776, 914.1060327151205, 1.9045675004562739, 3
478, 2385.1609079259606, Server_04, 3.0417973963282776, 915.1442269957729, 1.9045675004562739, 3
479, 2388.6410020351964, Server_04, 2.5526430912103453, 902.2744504715527, 1.9045675004562739, 2
480, 2394.027839882905, Server_04, 3.0417973963282776, 915.1936886492751, 1.9045675004562739, 3
481, 2399.4218286682285, Server_04, 3.0417973963282776, 913.9803948821805, 1.9045675004562739, 3
482, 2404.846822317713, Server_04, 3.0417973963282776, 908.756824161186, 1.9045675004562739, 3
483, 2410.2646444441903, Server_04, 3.0417973963282776, 909.9597374942651, 1.9045675004562739, 3
484, 2413.745188774087, Server_04, 2.5526430912103453, 902.1577380952324, 1.9045675004562739, 2
485, 2419.2098650627468, Server_04, 3.0417973963282776, 902.1577380952742, 1.9045675004562739, 3
486, 2424.6745413514063, Server_04, 3.0417973963282776, 902.1577380952742, 1.9045675004562739, 3
487, 2430.139217640066, Server_04, 3.0417973963282776, 902.1577380952742, 1.9045675004562739, 3
488, 2433.619761969963, Server_04, 2.5526430912103453, 902.1577380952324, 1.9045675004562739, 2
489, 2439.0844382586224, Server_04, 3.0417973963282776, 902.1577380952742, 1.9045675004562739, 3
490, 2444.549114547282, Server_04, 3.0417973963282776, 902.1577380952742, 1.9045675004562739, 3
491, 2450.0137908359416, Server_04, 3.0417973963282776, 902.1577380952742, 1.9045675004562739, 3
492, 2453.4943351658385, Server_04, 2.5526430912103453, 902.1577380952324, 1.9045675004562739, 2
493, 2458.959011454498, Server_04, 3.0417973963282776, 902.1577380952742, 1.9045675004562739, 3
494, 2464.4236877431576, Server_04, 3.0417973963282776, 902.1577380952742, 1.9045675004562739, 3
495, 2469.888364031817, Server_04, 3.0417973963282776, 902.1577380952742, 1.9045675004562739, 3
496, 2475.353040320477, Server_04, 3.0417973963282776, 902.1577380952742, 1.9045675004562739, 3
497, 2478.8335846503737, Server_04, 2.5526430912103453, 902.1577380952324, 1.9045675004562739, 2
498, 2484.2982609390333, Server_04, 3.0417973963282776, 902.1577380952742, 1.9045675004562739, 3
499, 2489.762937227693, Server_04, 3.0417973963282776, 902.1577380952742, 1.9045675004562739, 3
500, 2495.2276135163524, Server_04, 3.0417973963282776, 902.1577380952742, 1.9045675004562739, 3
501, 2498.7081578462494, Server_04, 2.5526430912103453, 902.1577380952324, 1.9045675004562739, 2
502, 2504.172834134909, Server_04, 3.0417973963282776, 902.1577380952742, 1.9045675004562739, 3
503, 2509.6375104235685, Server_04, 3.0417973963282776, 902.1577380952742, 1.9045675004562739, 3
504, 2515.102186712228, Server_04, 3.0417973963282776, 902.1577380952742, 1.9045675004562739, 3
505, 2518.582731042125, Server_04, 2.5526430912103453, 902.1577380952324, 1.9045675004562739, 2
506, 2524.0474073307846, Server_04, 3.0417973963282776, 902.1577380952742, 1.9045675004562739, 3
507, 2529.512083619444, Server_04, 3.0417973963282776, 902.1577380952742, 1.9045675004562739, 3
508, 2534.9767599081038, Server_04, 3.0417973963282776, 902.1577380952742, 1.9045675004562739, 3
509, 2538.4573042380007, Server_04, 2.5526430912103453, 902.1577380952324, 1.9045675004562739, 2
510, 2543.9219805266603, Server_04, 3.0417973963282776, 902.1577380952742, 1.9045675004562739, 3
511, 2549.38665681532, Server_04, 3.0417973963282776, 902.1577380952742, 1.9045675004562739, 3
512, 2554.8513331039794, Server_04, 3.0417973963282776, 902.1577380952742, 1.9045675004562739, 3
513, 2560.316009392639, Server_04, 3.0417973963282776, 902.1577380952742, 1.9045675004562739, 3
514, 2563.796553722536, Server_04, 2.5526430912103453, 902.1577380952324, 1.9045675004562739, 2
515, 2569.2612300111955, Server_04, 3.0417973963282776, 902.1577380952742, 1.9045675004562739, 3
516, 2574.725906299855, Server_04, 3.0417973963282776, 902.1577380952742, 1.9045675004562739, 3
517, 2580.1905825885146, Server_04, 3.0417973963282776, 902.1577380952742, 1.9045675004562739, 3
518, 2583.6711269184116, Server_04, 2.5526430912103453, 902.1577380952324, 1.9045675004562739, 2
519, 2589.135803207071, Server_04, 3.0417973963282776, 902.1577380952742, 1.9045675004562739, 3
520, 2594.6004794957307, Server_04, 3.0417973963282776, 902.1577380952742, 1.9045675004562739, 3
521, 2600.0651557843903, Server_04, 3.0417973963282776, 902.1577380952742, 1.9045675004562739, 3
522, 2603.5457001142872, Server_04, 2.5526430912103453, 902.1577380952324, 1.9045675004562739, 2
523, 2609.010376402947, Server_04, 3.0417973963282776, 902.1577380952742, 1.9045675004562739, 3
524, 2614.4750526916064, Server_04, 3.0417973963282776, 902.1577380952742, 1.9045675004562739, 3
525, 2619.939728980266, Server_04, 3.0417973963282776, 902.1577380952742, 1.9045675004562739, 3
526, 2623.420273310163, Server_04, 2.5526430912103453, 902.1577380952324, 1.9045675004562739, 2
527, 2628.8849495988225, Server_04, 3.0417973963282776, 902.1577380952742, 1.9045675004562739, 3
528, 2634.41923677408, Server_04, 3.0417973963282776, 890.8102965889885, 1.9045675004562739, 3
529, 2639.9839913410815, Server_04, 3.0417973963282776, 885.9330525077714, 1.9045675004562739, 3
530, 2643.508617016918, Server_04, 2.5526430912103453, 890.8747449485805, 1.9045675004562739, 2
531, 2649.0982357567063, Server_04, 3.0417973963282776, 881.9921768379164, 1.9045675004562739, 3
532, 2654.663546787056, Server_04, 3.0417973963282776, 885.8444699882733, 1.9045675004562739, 3
533, 2660.2533586596082, Server_04, 3.0417973963282776, 881.9617032565787, 1.9045675004562739, 3
534, 2663.8929751662968, Server_04, 2.5526430912103453, 862.7282556361693, 1.9045675004562739, 2
535, 2669.570501513644, Server_04, 3.0417973963282776, 868.3359087014014, 1.9045675004562739, 3
536, 2675.2288469123464, Server_04, 3.0417973963282776, 871.2794381782816, 1.9045675004562739, 3
537, 2678.867126237815, Server_04, 2.5526430912103453, 863.0453351999771, 1.9045675004562739, 2
538, 2684.5251703693407, Server_04, 3.0417973963282776, 871.3258301628753, 1.9045675004562739, 3
539, 2690.0991401837737, Server_04, 3.0417973963282776, 884.4683706816068, 1.9045675004562739, 3
540, 2693.6492954002683, Server_04, 2.5526430912103453, 884.4683706816525, 1.9045675004562739, 2
541, 2699.2232652147013, Server_04, 3.0417973963282776, 884.4683706816068, 1.9045675004562739, 3
542, 2704.7972350291343, Server_04, 3.0417973963282776, 884.4683706816068, 1.9045675004562739, 3
543, 2710.3712048435673, Server_04, 3.0417973963282776, 884.4683706816068, 1.9045675004562739, 3
544, 2713.921360060062, Server_04, 2.5526430912103453, 884.4683706816525, 1.9045675004562739, 2
545, 2719.495329874495, Server_04, 3.0417973963282776, 884.4683706816068, 1.9045675004562739, 3
546, 2725.069299688928, Server_04, 3.0417973963282776, 884.4683706816068, 1.9045675004562739, 3
547, 2728.6194549054226, Server_04, 2.5526430912103453, 884.4683706816525, 1.9045675004562739, 2
548, 2734.1934247198556, Server_04, 3.0417973963282776, 884.4683706816068, 1.9045675004562739, 3
549, 2739.7673945342885, Server_04, 3.0417973963282776, 884.4683706816068, 1.9045675004562739, 3
550, 2745.3930717924914, Server_04, 3.0417973963282776, 876.3389319590908, 1.9045675004562739, 3
551, 2749.012837895584, Server_04, 2.5526430912103453, 867.4593635530993, 1.9045675004562739, 2
552, 2754.6961012357906, Server_04, 3.0417973963282776, 867.4593635530816, 1.9045675004562739, 3
553, 2760.379364575997, Server_04, 3.0417973963282776, 867.4593635530816, 1.9045675004562739, 3
554, 2763.99913067909, Server_04, 2.5526430912103453, 867.4593635530993, 1.9045675004562739, 2
555, 2769.682394019296, Server_04, 3.0417973963282776, 867.4593635530816, 1.9045675004562739, 3
556, 2775.3656573595026, Server_04, 3.0417973963282776, 867.4593635530816, 1.9045675004562739, 3
557, 2778.9854234625955, Server_04, 2.5526430912103453, 867.4593635530993, 1.9045675004562739, 2
558, 2784.668686802802, Server_04, 3.0417973963282776, 867.4593635530816, 1.9045675004562739, 3
559, 2790.3519501430083, Server_04, 3.0417973963282776, 867.4593635530816, 1.9045675004562739, 3
560, 2793.971716246101, Server_04, 2.5526430912103453, 867.4593635530993, 1.9045675004562739, 2
561, 2799.6549795863075, Server_04, 3.0417973963282776, 867.4593635530816, 1.9045675004562739, 3
562, 2805.338242926514, Server_04, 3.0417973963282776, 867.4593635530816, 1.9045675004562739, 3
563, 2808.9580090296067, Server_04, 2.5526430912103453, 867.4593635530993, 1.9045675004562739, 2
564, 2814.641272369813, Server_04, 3.0417973963282776, 867.4593635530816, 1.9045675004562739, 3
565, 2820.3245357100195, Server_04, 3.0417973963282776, 867.4593635530816, 1.9045675004562739, 3
566, 2823.9443018131124, Server_04, 2.5526430912103453, 867.4593635530993, 1.9045675004562739, 2
567, 2829.6275651533188, Server_04, 3.0417973963282776, 867.4593635530816, 1.9045675004562739, 3
568, 2835.310828493525, Server_04, 3.0417973963282776, 867.4593635530816, 1.9045675004562739, 3
569, 2838.930594596618, Server_04, 2.5526430912103453, 867.4593635530993, 1.9045675004562739, 2
570, 2844.6138579368244, Server_04, 3.0417973963282776, 867.4593635530816, 1.9045675004562739, 3
571, 2850.297121277031, Server_04, 3.0417973963282776, 867.4593635530816, 1.9045675004562739, 3
572, 2853.9168873801236, Server_04, 2.5526430912103453, 867.4593635530993, 1.9045675004562739, 2
573, 2859.60015072033, Server_04, 3.0417973963282776, 867.4593635530816, 1.9045675004562739, 3
574, 2865.2834140605364, Server_04, 3.0417973963282776, 867.4593635530816, 1.9045675004562739, 3
575, 2868.9031801636293, Server_04, 2.5526430912103453, 867.4593635530993, 1.9045675004562739, 2
576, 2874.5864435038357, Server_04, 3.0417973963282776, 867.4593635530816, 1.9045675004562739, 3
577, 2880.269706844042, Server_04, 3.0417973963282776, 867.4593635530816, 1.9045675004562739, 3
578, 2883.889472947135, Server_04, 2.5526430912103453, 867.4593635530993, 1.9045675004562739, 2
579, 2889.5727362873413, Server_04, 3.0417973963282776, 867.4593635530816, 1.9045675004562739, 3
580, 2895.2559996275477, Server_04, 3.0417973963282776, 867.4593635530816, 1.9045675004562739, 3
581, 2898.8757657306405, Server_04, 2.5526430912103453, 867.4593635530993, 1.9045675004562739, 2
582, 2904.6286399574446, Server_04, 3.0417973963282776, 856.9629381135883, 1.9045675004562739, 3
583, 2910.3603028034418, Server_04, 3.0417973963282776, 860.1343331705258, 1.9045675004562739, 3
584, 2914.0012802873416, Server_04, 2.5526430912103453, 862.4057725939953, 1.9045675004562739, 2
585, 2919.7541545141457, Server_04, 3.0417973963282776, 856.9629381135883, 1.9045675004562739, 3
586, 2925.4598781245854, Server_04, 3.0417973963282776, 864.0446570141675, 1.9045675004562739, 3
587, 2929.0171341590158, Server_04, 2.5526430912103453, 882.7028388196527, 1.9045675004562739, 2
588, 2934.6607148600465, Server_04, 3.0417973963282776, 873.5588735533826, 1.9045675004562739, 3
589, 2940.302146607493, Server_04, 3.0417973963282776, 873.8916326040045, 1.9045675004562739, 3
590, 2943.8544507775723, Server_04, 2.5526430912103453, 883.9333147335169, 1.9045675004562739, 2
591, 2949.532657721253, Server_04, 3.0417973963282776, 868.2318289731411, 1.9045675004562739, 3
592, 2955.2159210614595, Server_04, 3.0417973963282776, 867.4593635530816, 1.9045675004562739, 3
593, 2958.8356871645524, Server_04, 2.5526430912103453, 867.4593635530993, 1.9045675004562739, 2
594, 2964.6134069990117, Server_04, 3.0417973963282776, 853.2777879946108, 1.9045675004562739, 3
595, 2970.475574751589, Server_04, 3.0417973963282776, 840.9858277822791, 1.9045675004562739, 3
596, 2974.170338660827, Server_04, 2.5526430912103453, 849.8513239639746, 1.9045675004562739, 2
597, 2980.027119493857, Server_04, 3.0417973963282776, 841.7593453722495, 1.9045675004562739, 3
598, 2983.759613163127, Server_04, 2.5526430912103453, 841.2606365153915, 1.9045675004562739, 2
599, 2989.590185545556, Server_04, 3.0417973963282776, 845.5430576348332, 1.9045675004562739, 3
600, 2995.4408319887025, Server_04, 3.0417973963282776, 842.6419281881149, 1.9045675004562739, 3
601, 2999.1798528901627, Server_04, 2.5526430912103453, 839.792042556844, 1.9045675004562739, 2
602, 3004.983834836889, Server_04, 3.0417973963282776, 849.416839206534, 1.9045675004562739, 3
603, 3008.656908113006, Server_04, 2.5526430912103453, 854.8699587391308, 1.9045675004562739, 2
604, 3014.3532402387013, Server_04, 3.0417973963282776, 865.4691986377478, 1.9045675004562739, 3
605, 3020.1457971046807, Server_04, 3.0417973963282776, 851.0922057502293, 1.9045675004562739, 3
606, 3023.8351740943713, Server_04, 2.5526430912103453, 851.092205750259, 1.9045675004562739, 2
607, 3029.6277309603506, Server_04, 3.0417973963282776, 851.0922057502293, 1.9045675004562739, 3
608, 3035.42028782633, Server_04, 3.0417973963282776, 851.0922057502293, 1.9045675004562739, 3
609, 3039.1096648160205, Server_04, 2.5526430912103453, 851.092205750259, 1.9045675004562739, 2
610, 3044.902221682, Server_04, 3.0417973963282776, 851.0922057502293, 1.9045675004562739, 3
611, 3048.5915986716905, Server_04, 2.5526430912103453, 851.092205750259, 1.9045675004562739, 2
612, 3054.38415553767, Server_04, 3.0417973963282776, 851.0922057502293, 1.9045675004562739, 3
613, 3060.176712403649, Server_04, 3.0417973963282776, 851.0922057502293, 1.9045675004562739, 3
614, 3063.8660893933397, Server_04, 2.5526430912103453, 851.092205750259, 1.9045675004562739, 2
615, 3069.658646259319, Server_04, 3.0417973963282776, 851.0922057502293, 1.9045675004562739, 3
616, 3075.4512031252984, Server_04, 3.0417973963282776, 851.0922057502293, 1.9045675004562739, 3
617, 3079.140580114989, Server_04, 2.5526430912103453, 851.092205750259, 1.9045675004562739, 2
618, 3084.9331369809684, Server_04, 3.0417973963282776, 851.0922057502293, 1.9045675004562739, 3
619, 3088.622513970659, Server_04, 2.5526430912103453, 851.092205750259, 1.9045675004562739, 2
620, 3094.4150708366383, Server_04, 3.0417973963282776, 851.0922057502293, 1.9045675004562739, 3
621, 3100.2076277026176, Server_04, 3.0417973963282776, 851.0922057502293, 1.9045675004562739, 3
622, 3103.897004692308, Server_04, 2.5526430912103453, 851.092205750259, 1.9045675004562739, 2
623, 3109.6895615582876, Server_04, 3.0417973963282776, 851.0922057502293, 1.9045675004562739, 3
624, 3115.482118424267, Server_04, 3.0417973963282776, 851.0922057502293, 1.9045675004562739, 3
625, 3119.1714954139575, Server_04, 2.5526430912103453, 851.092205750259, 1.9045675004562739, 2
626, 3124.964052279937, Server_04, 3.0417973963282776, 851.0922057502293, 1.9045675004562739, 3
627, 3128.6534292696274, Server_04, 2.5526430912103453, 851.092205750259, 1.9045675004562739, 2
628, 3134.4459861356067, Server_04, 3.0417973963282776, 851.0922057502293, 1.9045675004562739, 3
629, 3140.238543001586, Server_04, 3.0417973963282776, 851.0922057502293, 1.9045675004562739, 3
630, 3143.9279199912767, Server_04, 2.5526430912103453, 851.092205750259, 1.9045675004562739, 2
631, 3149.720476857256, Server_04, 3.0417973963282776, 851.0922057502293, 1.9045675004562739, 3
632, 3155.5130337232354, Server_04, 3.0417973963282776, 851.0922057502293, 1.9045675004562739, 3
633, 3159.202410712926, Server_04, 2.5526430912103453, 851.092205750259, 1.9045675004562739, 2
634, 3164.9949675789053, Server_04, 3.0417973963282776, 851.0922057502293, 1.9045675004562739, 3
635, 3168.684344568596, Server_04, 2.5526430912103453, 851.092205750259, 1.9045675004562739, 2
636, 3174.476901434575, Server_04, 3.0417973963282776, 851.0922057502293, 1.9045675004562739, 3
637, 3180.2694583005546, Server_04, 3.0417973963282776, 851.0922057502293, 1.9045675004562739, 3
638, 3183.958835290245, Server_04, 2.5526430912103453, 851.092205750259, 1.9045675004562739, 2
639, 3189.7513921562245, Server_04, 3.0417973963282776, 851.0922057502293, 1.9045675004562739, 3
640, 3195.543949022204, Server_04, 3.0417973963282776, 851.0922057502293, 1.9045675004562739, 3
641, 3199.283580685374, Server_04, 2.5526430912103453, 839.6548865826207, 1.9045675004562739, 2
642, 3205.112731584297, Server_04, 3.0417973963282776, 845.7492498454745, 1.9045675004562739, 3
643, 3208.8544816407602, Server_04, 2.5526430912103453, 839.1795156322793, 1.9045675004562739, 2
644, 3214.698972231469, Server_04, 3.0417973963282776, 843.5294613764272, 1.9045675004562739, 3
645, 3220.5269247435685, Server_04, 3.0417973963282776, 845.9231590793783, 1.9045675004562739, 3
646, 3224.268194135606, Server_04, 2.5526430912103453, 839.2873303063824, 1.9045675004562739, 2
647, 3230.1129388268046, Server_04, 3.0417973963282776, 843.4927889021134, 1.9045675004562739, 3
648, 3233.819738877874, Server_04, 2.5526430912103453, 847.0918195585169, 1.9045675004562739, 2
649, 3239.6819066304515, Server_04, 3.0417973963282776, 840.9858277822791, 1.9045675004562739, 3
650, 3245.526993923594, Server_04, 3.0417973963282776, 843.4433487047926, 1.9045675004562739, 3
651, 3249.2334513727196, Server_04, 2.5526430912103453, 847.170119473736, 1.9045675004562739, 2
652, 3255.1128242783734, Server_04, 3.0417973963282776, 838.5248017282871, 1.9045675004562739, 3
653, 3258.871812154662, Server_04, 2.5526430912103453, 835.3312389770508, 1.9045675004562739, 2
654, 3264.773662546415, Server_04, 3.0417973963282776, 835.3312389770465, 1.9045675004562739, 3
655, 3270.6279756451727, Server_04, 3.0417973963282776, 842.1141672532189, 1.9045675004562739, 3
656, 3274.3173526348633, Server_04, 2.5526430912103453, 851.092205750259, 1.9045675004562739, 2
657, 3280.145714069336, Server_04, 3.0417973963282776, 845.8638084523628, 1.9045675004562739, 3
658, 3283.836183139793, Server_04, 2.5526430912103453, 850.8403511999325, 1.9045675004562739, 2
659, 3289.628740005772, Server_04, 3.0417973963282776, 851.0922057502293, 1.9045675004562739, 3
660, 3295.51885604669, Server_04, 3.0417973963282776, 836.9953946156637, 1.9045675004562739, 3
661, 3299.2778439229787, Server_04, 2.5526430912103453, 835.3312389770508, 1.9045675004562739, 2
662, 3305.1796943147315, Server_04, 3.0417973963282776, 835.3312389770465, 1.9045675004562739, 3
663, 3308.9386821910202, Server_04, 2.5526430912103453, 835.3312389770508, 1.9045675004562739, 2
664, 3314.840532582773, Server_04, 3.0417973963282776, 835.3312389770465, 1.9045675004562739, 3
665, 3320.7423829745258, Server_04, 3.0417973963282776, 835.3312389770465, 1.9045675004562739, 3
666, 3324.5013708508145, Server_04, 2.5526430912103453, 835.3312389770508, 1.9045675004562739, 2
667, 3330.4032212425673, Server_04, 3.0417973963282776, 835.3312389770465, 1.9045675004562739, 3
668, 3334.1491403333666, Server_04, 2.5526430912103453, 838.2455477248278, 1.9045675004562739, 2
669, 3339.941697199346, Server_04, 3.0417973963282776, 851.0922057502293, 1.9045675004562739, 3
670, 3343.680714461697, Server_04, 2.5526430912103453, 839.792859909326, 1.9045675004562739, 2
671, 3349.61953216616, Server_04, 3.0417973963282776, 830.1315590635412, 1.9045675004562739, 3
672, 3355.5343141065628, Server_04, 3.0417973963282776, 833.50494568937, 1.9045675004562739, 3
673, 3359.2760405798745, Server_04, 2.5526430912103453, 839.1848047676427, 1.9045675004562739, 2
674, 3365.131039532218, Server_04, 3.0417973963282776, 842.0155221422744, 1.9045675004562739, 3
675, 3368.9418258537758, Server_04, 2.5526430912103453, 823.9769262938975, 1.9045675004562739, 2
676, 3374.8712652592435, Server_04, 3.0417973963282776, 831.4445368062741, 1.9045675004562739, 3
677, 3380.6983368688025, Server_04, 3.0417973963282776, 846.0510407856706, 1.9045675004562739, 3
678, 3384.4551293056743, Server_04, 2.5526430912103453, 835.8193998640484, 1.9045675004562739, 2
679, 3390.4142375857627, Server_04, 3.0417973963282776, 827.3049873037075, 1.9045675004562739, 3
680, 3394.1855784603135, Server_04, 2.5526430912103453, 832.5951178767451, 1.9045675004562739, 2
681, 3400.1817960855788, Server_04, 3.0417973963282776, 822.184968608764, 1.9045675004562739, 3
682, 3404.0103948484652, Server_04, 2.5526430912103453, 820.1433982684223, 1.9045675004562739, 2
683, 3410.021538765991, Server_04, 3.0417973963282776, 820.1433982684063, 1.9045675004562739, 3
684, 3413.8501375288774, Server_04, 2.5526430912103453, 820.1433982684223, 1.9045675004562739, 2
685, 3419.861281446403, Server_04, 3.0417973963282776, 820.1433982684063, 1.9045675004562739, 3
686, 3425.7748661889905, Server_04, 3.0417973963282776, 833.6736877204233, 1.9045675004562739, 3
687, 3429.5338540652792, Server_04, 2.5526430912103453, 835.3312389770508, 1.9045675004562739, 2
688, 3435.5229848216063, Server_04, 3.0417973963282776, 823.1578505431377, 1.9045675004562739, 3
689, 3439.351583584493, Server_04, 2.5526430912103453, 820.1433982684223, 1.9045675004562739, 2
690, 3445.239642568951, Server_04, 3.0417973963282776, 837.2878079199172, 1.9045675004562739, 3
691, 3448.9290195586414, Server_04, 2.5526430912103453, 851.092205750259, 1.9045675004562739, 2
692, 3454.81511481222, Server_04, 3.0417973963282776, 837.5671455541814, 1.9045675004562739, 3
693, 3460.822939331263, Server_04, 3.0417973963282776, 820.5965377939061, 1.9045675004562739, 3
694, 3464.5613191050334, Server_04, 2.5526430912103453, 839.936065894459, 1.9045675004562739, 2
695, 3470.3538759710127, Server_04, 3.0417973963282776, 851.0922057502293, 1.9045675004562739, 3
696, 3474.114846818169, Server_04, 2.5526430912103453, 834.890810805967, 1.9045675004562739, 2
697, 3480.125990735695, Server_04, 3.0417973963282776, 820.1433982684063, 1.9045675004562739, 3
698, 3483.882995641116, Server_04, 2.5526430912103453, 835.7721320696636, 1.9045675004562739, 2
699, 3489.6755525070953, Server_04, 3.0417973963282776, 851.0922057502293, 1.9045675004562739, 3
700, 3495.5788034871634, Server_04, 3.0417973963282776, 835.1330506945658, 1.9045675004562739, 3
701, 3499.40740225005, Server_04, 2.5526430912103453, 820.1433982684223, 1.9045675004562739, 2
702, 3505.3078520534873, Server_04, 3.0417973963282776, 835.5295213473348, 1.9045675004562739, 3
703, 3508.997229043178, Server_04, 2.5526430912103453, 851.092205750259, 1.9045675004562739, 2
704, 3514.8784404640137, Server_04, 3.0417973963282776, 838.2626719614441, 1.9045675004562739, 3
705, 3520.8879003900543, Server_04, 3.0417973963282776, 820.3732216662298, 1.9045675004562739, 3
706, 3524.6295285895694, Server_04, 2.5526430912103453, 839.2068459412615, 1.9045675004562739, 2
707, 3530.4220854555488, Server_04, 3.0417973963282776, 851.0922057502293, 1.9045675004562739, 3
708, 3534.174638375999, Server_04, 2.5526430912103453, 836.7636823688347, 1.9045675004562739, 2
709, 3540.185782293525, Server_04, 3.0417973963282776, 820.1433982684063, 1.9045675004562739, 3
710, 3543.951205125652, Server_04, 2.5526430912103453, 833.9036915612984, 1.9045675004562739, 2
711, 3549.7437619916313, Server_04, 3.0417973963282776, 851.0922057502293, 1.9045675004562739, 3
712, 3555.6582382170727, Server_04, 3.0417973963282776, 833.5480289519791, 1.9045675004562739, 3
713, 3559.486836979959, Server_04, 2.5526430912103453, 820.1433982684223, 1.9045675004562739, 2
714, 3565.376061538023, Server_04, 3.0417973963282776, 837.1220950048014, 1.9045675004562739, 3
715, 3569.0654385277135, Server_04, 2.5526430912103453, 851.092205750259, 1.9045675004562739, 2
716, 3574.9493965664687, Server_04, 3.0417973963282776, 837.8713728969614, 1.9045675004562739, 3
717, 3578.7779953293552, Server_04, 2.5526430912103453, 820.1433982684223, 1.9045675004562739, 2
718, 3584.5759062684397, Server_04, 3.0417973963282776, 850.3062657907114, 1.9045675004562739, 3
719, 3589.6698780924007, Server_04, 3.0417973963282776, 967.8106142657163, 1.9045675004562739, 3
