0, 18.469428649439315, Server_00, 2.5526430912103453, 2175.5167660362536, 0.0, 2
1, 29.132839254977668, Server_0, 3.2732530417304506, 726.3154619571161, 0.6634106055383526, 4
2, 30.400316049692364, Server_00, 2.5526430912103453, 2477.3629095961487, 0.6634106055383526, 2
3, 35.01779402339133, Server_00, 4.0211812311925765, 2634.555068652524, 0.6634106055383526, 5
4, 39.6024689924635, Server_00, 4.0211812311925765, 2653.405112044816, 0.6634106055383526, 5
5, 44.1883511774423, Server_00, 4.0211812311925765, 2652.7066133200797, 0.6634106055383526, 5
6, 49.4781265333846, Server_00, 4.0211812311925765, 2299.719587587852, 0.6634106055383526, 5
7, 53.3251256261681, Server_00, 3.531593941666367, 2013.257558216913, 0.6634106055383526, 4
8, 56.6132685902085, Server_00, 3.531593941666367, 2355.432864294659, 0.6634106055383526, 4
9, 58.67133987270259, Server_00, 3.531593941666367, 3763.2321416069512, 0.6634106055383526, 4
10, 61.90758102734176, Server_00, 4.0211812311925765, 3758.990575396827, 0.6634106055383526, 5
11, 65.14382218198094, Server_00, 4.0211812311925765, 3758.990575396827, 0.6634106055383526, 5
12, 68.59262219313632, Server_00, 4.0211812311925765, 3527.3138368857162, 0.6634106055383526, 5
13, 73.5690961933499, Server_00, 4.0211812311925765, 2444.501870094748, 0.6634106055383526, 5
14, 77.75435996108396, Server_00, 4.0211812311925765, 2906.62684005368, 0.6634106055383526, 5
15, 81.79966140438293, Server_00, 4.0211812311925765, 3007.1924603174616, 0.6634106055383526, 5
16, 86.05502809167005, Server_00, 4.0211812311925765, 2858.743063516207, 0.6634106055383526, 5
17, 91.02198212059766, Server_00, 4.0211812311925765, 2449.1871535655227, 0.6634106055383526, 5
18, 97.18993870927133, Server_00, 4.0211812311925765, 1972.2901458708056, 0.6634106055383526, 5
19, 101.14377345705482, Server_00, 3.531593941666367, 1958.8577909943833, 0.6634106055383526, 4
20, 104.9211616632404, Server_00, 3.531593941666367, 2050.35849567099, 0.6634106055383526, 4
21, 108.9108598361379, Server_00, 3.531593941666367, 1941.24960444695, 0.6634106055383526, 4
22, 114.4391069759533, Server_00, 4.0211812311925765, 2200.516672343674, 0.6634106055383526, 5
23, 117.9713823192021, Server_00, 3.531593941666367, 2192.6376761095103, 0.6634106055383526, 4
24, 124.31743459804224, Server_00, 4.0211812311925765, 1916.9397706606026, 0.6634106055383526, 5
25, 128.79452838985466, Server_00, 3.531593941666367, 1729.916852348242, 0.6634106055383526, 4
26, 135.60465180906684, Server_00, 4.0211812311925765, 1786.3112386012087, 0.6634106055383526, 5
27, 140.04371075367575, Server_00, 3.531593941666367, 1744.739165810365, 0.6634106055383526, 4
28, 144.5610294129283, Server_00, 3.531593941666367, 1714.512653238754, 0.6634106055383526, 4
29, 152.48477245634052, Server_0, 3.531593941666367, 977.442094924969, 0.6634106055383526, 4
30, 154.29465550788692, Server_00, 2.5526430912103453, 1734.9187271062258, 0.6634106055383526, 2
31, 162.19173186065865, Server_0, 3.531593941666367, 980.7427019851013, 0.6634106055383526, 4
32, 165.12229603728866, Server_0, 2.5526430912103453, 1071.4660422863783, 0.6634106055383526, 2
33, 168.23520938503887, Server_00, 3.0417973963282776, 1583.7254202925542, 0.6634106055383526, 3
34, 176.31297513231652, Server_00, 4.0211812311925765, 1505.985736724269, 0.6634106055383526, 5
35, 179.59710189038645, Server_00, 3.0417973963282776, 1501.1600839966795, 0.6634106055383526, 3
36, 182.68825478865404, Server_00, 3.0417973963282776, 1594.8741981553198, 0.6634106055383526, 3
37, 191.16603961157637, Server_00, 4.0211812311925765, 1434.9267236776445, 0.6634106055383526, 5
38, 194.66343243631863, Server_00, 3.0417973963282776, 1409.6214657738115, 0.6634106055383526, 3
39, 198.10153275641773, Server_00, 3.0417973963282776, 1433.9313984467744, 0.6634106055383526, 3
40, 203.6816132123704, Server_00, 3.531593941666367, 1387.9728188753727, 0.6634106055383526, 4
41, 209.6869327273705, Server_00, 3.531593941666367, 1289.68991252747, 0.6634106055383526, 4
42, 213.72217747373506, Server_00, 3.0417973963282776, 1221.7350643827865, 0.6634106055383526, 3
43, 219.9325933034205, Server_00, 3.531593941666367, 1247.0984572368452, 0.6634106055383526, 4
44, 223.9810045887228, Server_00, 3.0417973963282776, 1217.7616483528454, 0.6634106055383526, 3
45, 230.29398093213962, Server_00, 3.531593941666367, 1226.8381154439953, 0.6634106055383526, 4
46, 234.29362250954944, Server_00, 3.0417973963282776, 1232.6104488574413, 0.6634106055383526, 3
47, 238.21788635705957, Server_00, 3.0417973963282776, 1256.2865779598349, 0.6634106055383526, 3
48, 244.1412906048858, Server_00, 3.531593941666367, 1307.5251453321396, 0.6634106055383526, 4
49, 248.08977419211112, Server_00, 3.0417973963282776, 1248.580598372046, 0.6634106055383526, 3
50, 254.26027082820477, Server_00, 3.531593941666367, 1255.166392069071, 0.6634106055383526, 4
51, 258.2119941959839, Server_00, 3.0417973963282776, 1247.556962159188, 0.6634106055383526, 3
52, 264.9066436647419, Server_00, 3.531593941666367, 1156.8940294997742, 0.6634106055383526, 4
53, 268.9747900714178, Server_00, 3.0417973963282776, 1211.8541240083796, 0.6634106055383526, 3
54, 275.52197133484503, Server_00, 3.531593941666367, 1182.9518213072527, 0.6634106055383526, 4
55, 279.676399122611, Server_00, 3.0417973963282776, 1186.685688584595, 0.6634106055383526, 3
56, 283.8282792936079, Server_00, 3.0417973963282776, 1187.4138455244029, 0.6634106055383526, 3
57, 290.3554292533939, Server_00, 3.531593941666367, 1186.5822062795041, 0.6634106055383526, 4
58, 294.5167792118684, Server_00, 3.0417973963282776, 1184.711703941195, 0.6634106055383526, 3
59, 298.6663718296904, Server_00, 3.0417973963282776, 1188.0684332303613, 0.6634106055383526, 3
60, 305.23292390895824, Server_00, 3.531593941666367, 1179.4622058131192, 0.6634106055383526, 4
61, 309.43117351110243, Server_00, 3.0417973963282776, 1174.2989262672907, 0.6634106055383526, 3
62, 313.64178876289236, Server_00, 3.0417973963282776, 1170.8502689492368, 0.6634106055383526, 3
63, 320.2182006451231, Server_00, 3.531593941666367, 1177.6938760369862, 0.6634106055383526, 4
64, 324.5234819878651, Server_00, 3.0417973963282776, 1145.1051876809709, 0.6634106055383526, 3
65, 328.7034130162571, Server_00, 3.0417973963282776, 1179.4452986217236, 0.6634106055383526, 3
66, 335.44657969666946, Server_00, 3.531593941666367, 1148.5701551020231, 0.6634106055383526, 4
67, 339.640810310313, Server_00, 3.0417973963282776, 1175.4241609803403, 0.6634106055383526, 3
68, 343.97147470697877, Server_00, 3.0417973963282776, 1138.3934538533285, 0.6634106055383526, 3
69, 350.5544141648092, Server_00, 3.531593941666367, 1176.5260868056882, 0.6634106055383526, 4
70, 354.75850184099943, Server_00, 3.0417973963282776, 1172.6682171546906, 0.6634106055383526, 3
71, 358.95814360247925, Server_00, 3.0417973963282776, 1173.9096522992045, 0.6634106055383526, 3
72, 365.54552897502003, Server_00, 3.531593941666367, 1175.7320335750637, 0.6634106055383526, 4
73, 369.7946481684186, Server_00, 3.0417973963282776, 1160.2404582246784, 0.6634106055383526, 3
74, 373.9611304595561, Server_00, 3.0417973963282776, 1183.2523590671542, 0.6634106055383526, 3
75, 380.59500361419526, Server_00, 3.531593941666367, 1167.4929290114346, 0.6634106055383526, 4
76, 384.76912060631827, Server_00, 3.0417973963282776, 1181.0881221833088, 0.6634106055383526, 3
77, 389.01060509873133, Server_00, 3.0417973963282776, 1162.3288989547207, 0.6634106055383526, 3
78, 395.6057444250421, Server_00, 3.531593941666367, 1174.349716783387, 0.6634106055383526, 4
79, 399.797632232752, Server_00, 3.0417973963282776, 1176.0810942822734, 0.6634106055383526, 3
80, 404.0128146241475, Server_00, 3.0417973963282776, 1169.5816556037205, 0.6634106055383526, 3
81, 410.58761979578054, Server_00, 3.531593941666367, 1177.9816736495484, 0.6634106055383526, 4
82, 414.8471068719272, Server_00, 3.0417973963282776, 1157.4163536281676, 0.6634106055383526, 3
83, 419.00026085130867, Server_00, 3.0417973963282776, 1187.0496553884711, 0.6634106055383526, 3
84, 425.63413400594783, Server_00, 3.531593941666367, 1167.4929290114346, 0.6634106055383526, 4
85, 429.82113051247774, Server_00, 3.0417973963282776, 1177.455006783819, 0.6634106055383526, 3
86, 434.04972638875176, Server_00, 3.0417973963282776, 1165.8716378317063, 0.6634106055383526, 3
87, 440.65842828995187, Server_00, 3.531593941666367, 1171.9396813152591, 0.6634106055383526, 4
88, 444.83675352277237, Server_00, 3.0417973963282776, 1179.8985778500776, 0.6634106055383526, 3
89, 449.0640687994608, Server_00, 3.0417973963282776, 1166.224820558456, 0.6634106055383526, 3
90, 455.7201676462278, Server_00, 3.531593941666367, 1163.5944985645594, 0.6634106055383526, 4
91, 459.87332162560926, Server_00, 3.0417973963282776, 1187.0496553884711, 0.6634106055383526, 3
92, 464.0264756049907, Server_00, 3.0417973963282776, 1187.0496553884711, 0.6634106055383526, 3
93, 470.62066612045464, Server_00, 3.531593941666367, 1174.5186891154144, 0.6634106055383526, 4
94, 474.7780029653207, Server_00, 3.0417973963282776, 1185.85531650824, 0.6634106055383526, 3
95, 479.14543644813637, Server_00, 3.0417973963282776, 1128.8094070345508, 0.6634106055383526, 3
96, 483.407883953291, Server_00, 3.0417973963282776, 1156.6124847374883, 0.6634106055383526, 3
97, 490.2134565718477, Server_00, 3.531593941666367, 1138.0379630189766, 0.6634106055383526, 4
98, 494.5131406863821, Server_00, 3.0417973963282776, 1146.5958588294736, 0.6634106055383526, 3
99, 498.73847626478454, Server_00, 3.0417973963282776, 1166.7712323725007, 0.6634106055383526, 3
100, 505.49341326991924, Server_00, 3.531593941666367, 1146.5687976235315, 0.6634106055383526, 4
101, 509.78557740608994, Server_00, 3.0417973963282776, 1148.6047233036047, 0.6634106055383526, 3
102, 514.1186040684423, Server_00, 3.0417973963282776, 1137.7728281329164, 0.6634106055383526, 3
103, 520.8648286438388, Server_00, 3.531593941666367, 1148.0495369582081, 0.6634106055383526, 4
104, 525.2253385607291, Server_00, 3.0417973963282776, 1130.601717222048, 0.6634106055383526, 3
105, 529.5192693199076, Server_00, 3.0417973963282776, 1148.132160599448, 0.6634106055383526, 3
106, 533.9966139021894, Server_00, 3.0417973963282776, 1101.0990799121114, 0.6634106055383526, 3
107, 540.9280903693957, Server_00, 3.531593941666367, 1117.3665577085374, 0.6634106055383526, 4
108, 545.3493169900107, Server_00, 3.0417973963282776, 1115.0751642118291, 0.6634106055383526, 3
109, 549.7708296340782, Server_00, 3.0417973963282776, 1115.0030310588004, 0.6634106055383526, 3
110, 554.2020925776396, Server_00, 3.0417973963282776, 1112.5496416689007, 0.6634106055383526, 3
111, 558.613378270518, Server_00, 3.0417973963282776, 1117.5880102164094, 0.6634106055383526, 3
112, 565.4850700190425, Server_00, 3.531593941666367, 1127.0878094412446, 0.6634106055383526, 4
113, 569.8379652543839, Server_00, 3.0417973963282776, 1132.5795208607472, 0.6634106055383526, 3
114, 574.1192585551249, Server_00, 3.0417973963282776, 1151.5212001818918, 0.6634106055383526, 3
115, 580.9248311736816, Server_00, 3.531593941666367, 1138.0379630189861, 0.6634106055383526, 4
116, 585.1911013432218, Server_00, 3.0417973963282776, 1155.5761365509802, 0.6634106055383526, 3
117, 589.6361569834661, Server_00, 3.0417973963282776, 1109.0974779629694, 0.6634106055383526, 3
118, 594.1171915401671, Server_00, 3.0417973963282776, 1100.1923635307742, 0.6634106055383526, 3
119, 601.1568695607857, Server_00, 3.531593941666367, 1100.1923635307767, 0.6634106055383526, 4
120, 605.6379041174868, Server_00, 3.0417973963282776, 1100.1923635307742, 0.6634106055383526, 3
121, 610.0970003849096, Server_00, 3.0417973963282776, 1105.605195388458, 0.6634106055383526, 3
122, 614.4330340467241, Server_00, 3.0417973963282776, 1136.9837931417283, 0.6634106055383526, 3
123, 619.0147976524072, Server_00, 3.0417973963282776, 1076.0048802790518, 0.6634106055383526, 3
124, 626.1096146820449, Server_00, 3.531593941666367, 1091.641964499747, 0.6634106055383526, 4
125, 630.6598185581536, Server_00, 3.0417973963282776, 1083.4679355546073, 0.6634106055383526, 3
126, 635.0214203353038, Server_00, 3.0417973963282776, 1130.3186883835983, 0.6634106055383526, 3
127, 639.4652447621443, Server_00, 3.0417973963282776, 1109.4047663591398, 0.6634106055383526, 3
128, 643.8741959229326, Server_00, 3.0417973963282776, 1118.1797711541258, 0.6634106055383526, 3
129, 650.8640042465488, Server_00, 3.531593941666367, 1108.041829105992, 0.6634106055383526, 4
130, 655.3498159391106, Server_00, 3.0417973963282776, 1099.0207208596662, 0.6634106055383526, 3
131, 659.9353668857241, Server_00, 3.0417973963282776, 1075.116176310486, 0.6634106055383526, 3
132, 664.4760195318044, Server_00, 3.0417973963282776, 1085.7470025274515, 0.6634106055383526, 3
133, 669.1701155841424, Server_00, 3.0417973963282776, 1050.255458139684, 0.6634106055383526, 3
134, 673.765969222526, Server_00, 3.0417973963282776, 1072.70604938889, 0.6634106055383526, 3
135, 681.0416311032899, Server_00, 3.531593941666367, 1064.5079618772543, 0.6634106055383526, 4
136, 685.4577660775803, Server_00, 3.0417973963282776, 1116.3608061576754, 0.6634106055383526, 3
137, 690.0248136486603, Server_00, 3.0417973963282776, 1079.4720053319406, 0.6634106055383526, 3
138, 694.5511921156484, Server_00, 3.0417973963282776, 1089.1709643715278, 0.6634106055383526, 3
139, 699.0322266723495, Server_00, 3.0417973963282776, 1100.1923635307742, 0.6634106055383526, 3
140, 706.2329229958498, Server_00, 3.531593941666367, 1075.590422376691, 0.6634106055383526, 4
141, 710.880114079675, Server_00, 3.0417973963282776, 1060.8558828491346, 0.6634106055383526, 3
142, 715.4831900473962, Server_00, 3.0417973963282776, 1071.022949560535, 0.6634106055383526, 3
143, 720.1636241183422, Server_00, 3.0417973963282776, 1053.321107673144, 0.6634106055383526, 3
144, 724.7731397381178, Server_00, 3.0417973963282776, 1069.5266936181886, 0.6634106055383526, 3
145, 729.3947860208297, Server_00, 3.0417973963282776, 1066.7194541567658, 0.6634106055383526, 3
146, 734.5565508153755, Server_0, 3.0417973963282776, 955.0996986939855, 0.6634106055383526, 3
147, 737.5043982158554, Server_00, 2.5526430912103453, 1065.1840388647145, 0.6634106055383526, 2
148, 744.7408262642128, Server_00, 3.531593941666367, 1070.2794180007102, 0.6634106055383526, 4
149, 749.3311543466871, Server_00, 3.0417973963282776, 1073.9973072562352, 0.6634106055383526, 3
150, 753.9214824291613, Server_00, 3.0417973963282776, 1073.9973072562352, 0.6634106055383526, 3
151, 761.1328599136974, Server_00, 3.531593941666367, 1073.997307256231, 0.6634106055383526, 4
152, 765.7231879961716, Server_00, 3.0417973963282776, 1073.9973072562352, 0.6634106055383526, 3
153, 770.3135160786459, Server_00, 3.0417973963282776, 1073.9973072562352, 0.6634106055383526, 3
154, 774.9038441611201, Server_00, 3.0417973963282776, 1073.9973072562352, 0.6634106055383526, 3
155, 779.4941722435943, Server_00, 3.0417973963282776, 1073.9973072562352, 0.6634106055383526, 3
156, 784.0060466347826, Server_00, 3.0417973963282776, 1092.6722626916091, 0.6634106055383526, 3
157, 791.0457246554012, Server_00, 3.531593941666367, 1100.1923635307767, 0.6634106055383526, 4
158, 795.5267592121022, Server_00, 3.0417973963282776, 1100.1923635307742, 0.6634106055383526, 3
159, 800.0077937688033, Server_00, 3.0417973963282776, 1100.1923635307742, 0.6634106055383526, 3
160, 804.4888283255043, Server_00, 3.0417973963282776, 1100.1923635307742, 0.6634106055383526, 3
161, 808.9698628822053, Server_00, 3.0417973963282776, 1100.1923635307742, 0.6634106055383526, 3
162, 816.3744906987152, Server_00, 3.531593941666367, 1045.9674938328676, 0.6634106055383526, 4
163, 821.292699358509, Server_00, 3.0417973963282776, 1002.3974867724944, 0.6634106055383526, 3
164, 826.1803608614268, Server_00, 3.0417973963282776, 1008.6623218602427, 0.6634106055383526, 3
165, 830.9892759954474, Server_00, 3.0417973963282776, 1025.179247835503, 0.6634106055383526, 3
166, 835.7884501095707, Server_00, 3.0417973963282776, 1027.2600832488497, 0.6634106055383526, 3
167, 840.4992948046909, Server_00, 3.0417973963282776, 1046.5214455290488, 0.6634106055383526, 3
168, 845.2430900837619, Server_00, 3.0417973963282776, 1039.2522674303573, 0.6634106055383526, 3
169, 849.9912686970856, Server_0, 3.0417973963282776, 1038.2928700630764, 0.6634106055383526, 3
170, 854.7121197982001, Server_00, 3.0417973963282776, 1044.3032187217573, 0.6634106055383526, 3
171, 859.7122141054773, Server_0, 3.0417973963282776, 985.9814029557017, 0.6634106055383526, 3
172, 862.8131962911608, Server_00, 2.5526430912103453, 1012.5824051800845, 0.6634106055383526, 2
173, 870.4255431715402, Server_00, 3.531593941666367, 1017.4260476703339, 0.6634106055383526, 4
174, 875.2344583055608, Server_00, 3.0417973963282776, 1025.179247835503, 0.6634106055383526, 3
175, 880.0433734395814, Server_00, 3.0417973963282776, 1025.179247835503, 0.6634106055383526, 3
176, 884.852288573602, Server_00, 3.0417973963282776, 1025.179247835503, 0.6634106055383526, 3
177, 889.6612037076226, Server_00, 3.0417973963282776, 1025.179247835503, 0.6634106055383526, 3
178, 894.4701188416432, Server_00, 3.0417973963282776, 1025.179247835503, 0.6634106055383526, 3
179, 899.1833603322813, Server_00, 3.0417973963282776, 1045.9892644568392, 0.6634106055383526, 3
180, 903.9711460369822, Server_00, 3.0417973963282776, 1029.703563206566, 0.6634106055383526, 3
181, 911.4026845983799, Server_00, 3.531593941666367, 1042.179884557222, 0.6634106055383526, 4
182, 916.1244368939101, Server_00, 3.0417973963282776, 1044.1039028385526, 0.6634106055383526, 3
183, 921.0426455537039, Server_00, 3.0417973963282776, 1002.3974867724944, 0.6634106055383526, 3
184, 925.9608542134977, Server_00, 3.0417973963282776, 1002.3974867724944, 0.6634106055383526, 3
185, 930.8790628732914, Server_00, 3.0417973963282776, 1002.3974867724944, 0.6634106055383526, 3
186, 935.7787183232297, Server_00, 3.0417973963282776, 1006.193200801938, 0.6634106055383526, 3
187, 940.6112276213349, Server_00, 3.0417973963282776, 1020.1739295013792, 0.6634106055383526, 3
188, 945.5294362811287, Server_00, 3.0417973963282776, 1002.3974867724944, 0.6634106055383526, 3
189, 950.4476449409225, Server_00, 3.0417973963282776, 1002.3974867724944, 0.6634106055383526, 3
190, 955.3876590584698, Server_0, 3.0417973963282776, 997.9728564920999, 0.6634106055383526, 3
191, 960.204799922542, Server_00, 3.0417973963282776, 1023.4286559418674, 0.6634106055383526, 3
192, 965.069985196206, Server_0, 3.0417973963282776, 1013.322149659306, 0.6634106055383526, 3
193, 969.8265693199766, Server_00, 3.0417973963282776, 1036.4580698494874, 0.6634106055383526, 3
194, 974.6445708470209, Server_0, 3.0417973963282776, 1023.2458359191079, 0.6634106055383526, 3
195, 979.4260885487579, Server_00, 3.0417973963282776, 1031.053382529368, 0.6634106055383526, 3
196, 984.214492510195, Server_0, 3.0417973963282776, 1029.570612609803, 0.6634106055383526, 3
197, 988.9830259603935, Server_00, 3.0417973963282776, 1033.86084033755, 0.6634106055383526, 3
198, 996.5497038564464, Server_00, 3.531593941666367, 1023.5667629039912, 0.6634106055383526, 4
199, 1001.3697196461276, Server_00, 3.0417973963282776, 1022.8182261465364, 0.6634106055383526, 3
200, 1006.2920462381934, Server_00, 3.0417973963282776, 1001.5588985799019, 0.6634106055383526, 3
201, 1011.3055770221061, Server_00, 3.0417973963282776, 983.338930683185, 0.6634106055383526, 3
202, 1014.4520383206676, Server_00, 2.5526430912103453, 997.9464871967705, 0.6634106055383526, 2
203, 1019.1930398160852, Server_0, 3.0417973963282776, 1039.8646793858068, 0.6634106055383526, 3
204, 1024.1041226202863, Server_0, 3.0417973963282776, 1003.851939898614, 0.6634106055383526, 3
205, 1031.5802847819518, Server_0, 3.531593941666367, 1035.9593374944313, 0.6634106055383526, 4
206, 1036.3867742414595, Server_0, 3.0417973963282776, 1025.696621522384, 0.6634106055383526, 3
207, 1041.2318832774909, Server_0, 3.0417973963282776, 1017.5209604855905, 0.6634106055383526, 3
208, 1046.4520405633702, Server_0, 3.0417973963282776, 944.4159878737227, 0.6634106055383526, 3
209, 1049.5580287367893, Server_0, 2.5526430912103453, 1010.9504044065615, 0.6634106055383526, 2
210, 1054.59768046479, Server_0, 3.0417973963282776, 978.2422012633278, 0.6634106055383526, 3
211, 1057.8090379282064, Server_0, 2.5526430912103453, 977.7796572853581, 0.6634106055383526, 2
212, 1062.7676731686824, Server_0, 3.0417973963282776, 994.2251770724533, 0.6634106055383526, 3
213, 1070.4649045549872, Server_0, 3.531593941666367, 1006.2059474761534, 0.6634106055383526, 4
214, 1075.6924796142791, Server_0, 3.0417973963282776, 943.075889697086, 0.6634106055383526, 3
215, 1079.0718186117172, Server_0, 2.5526430912103453, 929.1757951423411, 0.6634106055383526, 2
216, 1083.730155246725, Server_0, 3.0417973963282776, 1058.317675659296, 0.6634106055383526, 3
217, 1092.1119366625394, Server_0, 3.531593941666367, 924.0279143270218, 0.6634106055383526, 4
218, 1095.6037511578747, Server_0, 2.5526430912103453, 899.2459376621151, 0.6634106055383526, 2
219, 1098.9022687743827, Server_0, 2.5526430912103453, 951.9427709845625, 0.6634106055383526, 2
220, 1103.4698007213058, Server_0, 3.0417973963282776, 1079.357529906523, 0.6634106055383526, 3
221, 1111.287172627053, Server_0, 3.531593941666367, 990.7421692840255, 0.6634106055383526, 4
222, 1116.6751953014211, Server_0, 3.0417973963282776, 914.9924374767328, 0.6634106055383526, 3
223, 1120.141744736631, Server_0, 2.5526430912103453, 905.7998619915726, 0.6634106055383526, 2
224, 1123.7981620975663, Server_0, 2.5526430912103453, 858.7641097942709, 0.6634106055383526, 2
225, 1129.5954518358901, Server_0, 3.0417973963282776, 850.3973792114516, 0.6634106055383526, 3
226, 1133.2417414990848, Server_0, 2.5526430912103453, 861.1493573028129, 0.6634106055383526, 2
227, 1138.75263794626, Server_0, 3.0417973963282776, 894.5912969435501, 0.6634106055383526, 3
228, 1144.2853377536705, Server_0, 3.0417973963282776, 891.0658759032361, 0.6634106055383526, 3
229, 1147.7658820835675, Server_0, 2.5526430912103453, 902.1577380952324, 0.6634106055383526, 2
230, 1153.2344596128464, Server_0, 3.0417973963282776, 901.5141457910428, 0.6634106055383526, 3
231, 1158.8050412604941, Server_0, 3.0417973963282776, 885.0063264186763, 0.6634106055383526, 3
232, 1164.6259837802975, Server_0, 3.0417973963282776, 846.9418798120275, 0.6634106055383526, 3
233, 1168.2061797051156, Server_0, 2.5526430912103453, 877.0469733886241, 0.6634106055383526, 2
234, 1173.8167588070578, Server_0, 3.0417973963282776, 878.6971737540205, 0.6634106055383526, 3
235, 1179.2951798980005, Server_0, 3.0417973963282776, 899.8943159281122, 0.6634106055383526, 3
236, 1182.7757242278974, Server_0, 2.5526430912103453, 902.1577380952324, 0.6634106055383526, 2
237, 1188.2700910974354, Server_0, 3.0417973963282776, 897.2826382113334, 0.6634106055383526, 3
238, 1193.9392445760748, Server_0, 3.0417973963282776, 869.6183686992412, 0.6634106055383526, 3
239, 1199.8145753968108, Server_0, 3.0417973963282776, 839.1016864276548, 0.6634106055383526, 3
240, 1203.4906449896569, Server_0, 2.5526430912103453, 854.1731653042494, 0.6634106055383526, 2
241, 1209.2993139353596, Server_0, 3.0417973963282776, 848.7314470980889, 0.6634106055383526, 3
242, 1212.9299602329936, Server_0, 2.5526430912103453, 864.8597915049539, 0.6634106055383526, 2
243, 1218.4727382525023, Server_0, 3.0417973963282776, 889.4456863775, 0.6634106055383526, 3
244, 1224.0578822890043, Server_0, 3.0417973963282776, 882.6988109491384, 0.6634106055383526, 3
245, 1229.8126475615788, Server_0, 3.0417973963282776, 856.6813356393288, 0.6634106055383526, 3
246, 1233.4762739615926, Server_0, 2.5526430912103453, 857.0742911963434, 0.6634106055383526, 2
247, 1239.2472267002695, Server_0, 3.0417973963282776, 854.2783528548352, 0.6634106055383526, 3
248, 1242.8723356413707, Server_0, 2.5526430912103453, 866.1808654628104, 0.6634106055383526, 2
249, 1248.8003104472248, Server_0, 3.0417973963282776, 831.6499582844793, 0.6634106055383526, 3
250, 1254.7615492673756, Server_0, 3.0417973963282776, 827.0093094299614, 0.6634106055383526, 3
251, 1258.3741861700278, Server_0, 2.5526430912103453, 869.1712133302956, 0.6634106055383526, 2
252, 1263.9481559844608, Server_0, 3.0417973963282776, 884.4683706816068, 0.6634106055383526, 3
253, 1269.5221257988937, Server_0, 3.0417973963282776, 884.4683706816068, 0.6634106055383526, 3
254, 1273.0722810153886, Server_0, 2.5526430912103453, 884.4683706815958, 0.6634106055383526, 2
255, 1278.6462508298216, Server_0, 3.0417973963282776, 884.4683706816068, 0.6634106055383526, 3
256, 1284.2202206442546, Server_0, 3.0417973963282776, 884.4683706816068, 0.6634106055383526, 3
257, 1287.8432383196466, Server_0, 2.5526430912103453, 866.6808393807362, 0.6634106055383526, 2
258, 1293.9210539422547, Server_0, 3.0417973963282776, 811.146685934582, 0.6634106055383526, 3
259, 1299.6833701700277, Server_0, 3.0417973963282776, 855.5587380363764, 0.6634106055383526, 3
260, 1303.2571897001192, Server_0, 2.5526430912103453, 878.6117971434496, 0.6634106055383526, 2
261, 1309.00833993919, Server_0, 3.0417973963282776, 857.2198247418034, 0.6634106055383526, 3
262, 1314.833941714701, Server_0, 3.0417973963282776, 846.2645045056221, 0.6634106055383526, 3
263, 1318.4644171849627, Server_0, 2.5526430912103453, 864.9004863744968, 0.6634106055383526, 2
264, 1324.2924800815335, Server_0, 3.0417973963282776, 845.907137155428, 0.6634106055383526, 3
265, 1328.04912030803, Server_0, 2.5526430912103453, 835.8532653334194, 0.6634106055383526, 2
266, 1334.0931115013966, Server_0, 3.0417973963282776, 815.6861653621904, 0.6634106055383526, 3
267, 1340.1474002110076, Server_0, 3.0417973963282776, 814.2987948648325, 0.6634106055383526, 3
268, 1344.0992067946638, Server_0, 2.5526430912103453, 794.5733004713189, 0.6634106055383526, 2
269, 1350.3419849523596, Server_0, 3.0417973963282776, 789.7125086725337, 0.6634106055383526, 3
270, 1354.0478880593869, Server_0, 2.5526430912103453, 847.2968421774897, 0.6634106055383526, 2
271, 1359.8130701279872, Server_0, 3.0417973963282776, 855.1334444146894, 0.6634106055383526, 3
272, 1363.7597609340587, Server_0, 2.5526430912103453, 795.6032418778522, 0.6634106055383526, 2
273, 1369.8801983773576, Server_0, 3.0417973963282776, 805.4979804421863, 0.6634106055383526, 3
274, 1373.813752874613, Server_0, 2.5526430912103453, 798.2602000787901, 0.6634106055383526, 2
275, 1380.3062704522133, Server_0, 3.0417973963282776, 759.3356415404955, 0.6634106055383526, 3
276, 1383.8210251587534, Server_0, 2.5526430912103453, 893.3767110851967, 0.6634106055383526, 2
277, 1389.7608011950645, Server_0, 3.0417973963282776, 829.9976244662942, 0.6634106055383526, 3
278, 1393.7454868074976, Server_0, 2.5526430912103453, 788.0169994346486, 0.6634106055383526, 2
279, 1399.7137731772677, Server_0, 3.0417973963282776, 826.032749529392, 0.6634106055383526, 3
280, 1403.4302284576224, Server_0, 2.5526430912103453, 844.8911027123464, 0.6634106055383526, 2
281, 1409.5565009431189, Server_0, 3.0417973963282776, 804.7307741651175, 0.6634106055383526, 3
282, 1413.355665474921, Server_0, 2.5526430912103453, 826.4975032578078, 0.6634106055383526, 2
283, 1419.4927652270133, Server_0, 3.0417973963282776, 803.3110425358801, 0.6634106055383526, 3
284, 1423.4475590237557, Server_0, 2.5526430912103453, 793.9731276473591, 0.6634106055383526, 2
285, 1429.970864260651, Server_0, 3.0417973963282776, 755.7518498622875, 0.6634106055383526, 3
286, 1433.6731026577274, Server_0, 2.5526430912103453, 848.135550233511, 0.6634106055383526, 2
287, 1440.0571995439284, Server_0, 3.0417973963282776, 772.2313880693225, 0.6634106055383526, 3
288, 1444.1197796078648, Server_0, 2.5526430912103453, 772.9078444198221, 0.6634106055383526, 2
289, 1449.0008719302414, Server_0, 3.0417973963282776, 1010.0198222842812, 0.6634106055383526, 3
290, 1458.7592515659978, Server_0, 3.531593941666367, 793.6768489330882, 0.6634106055383526, 4
291, 1463.0284599270865, Server_0, 2.5526430912103453, 735.4993559506879, 0.6634106055383526, 2
292, 1466.6969770242936, Server_0, 2.5526430912103453, 855.9316794217868, 0.6634106055383526, 2
293, 1469.8943080306053, Server_00, 2.5526430912103453, 982.0691050759001, 0.6634106055383526, 2
294, 1474.024119458528, Server_0, 2.5526430912103453, 760.3252726673284, 0.6634106055383526, 2
295, 1480.9095294493306, Server_0, 3.0417973963282776, 716.0067456528225, 0.6634106055383526, 3
296, 1484.5330315022366, Server_0, 2.5526430912103453, 866.5649844138611, 0.6634106055383526, 2
297, 1487.3256359417062, Server_0, 2.5526430912103453, 1124.3984130442527, 0.6634106055383526, 2
298, 1496.0989773133938, Server_0, 3.531593941666367, 882.7879449663103, 0.6634106055383526, 4
299, 1500.0242017120722, Server_0, 2.5526430912103453, 799.9542653044726, 0.6634106055383526, 2
300, 1503.4395145383535, Server_0, 2.5526430912103453, 919.3886943056327, 0.6634106055383526, 2
301, 1508.320514908317, Server_0, 3.0417973963282776, 1010.0388498919406, 0.6634106055383526, 3
302, 1516.7716889123576, Server_0, 3.531593941666367, 916.4407212887751, 0.6634106055383526, 4
303, 1520.3308690083104, Server_0, 2.5526430912103453, 882.225657412095, 0.6634106055383526, 2
304, 1523.7101002757147, Server_0, 2.5526430912103453, 929.2054173054408, 0.6634106055383526, 2
305, 1529.1948913047322, Server_0, 3.0417973963282776, 898.849194785659, 0.6634106055383526, 3
306, 1532.6917795800769, Server_0, 2.5526430912103453, 897.9411844922408, 0.6634106055383526, 2
307, 1538.2239247660423, Server_0, 3.0417973963282776, 891.1552091053196, 0.6634106055383526, 3
308, 1543.709765878813, Server_0, 3.0417973963282776, 898.6771396866155, 0.6634106055383526, 3
309, 1549.120456152108, Server_0, 3.0417973963282776, 911.1591591801855, 0.6634106055383526, 3
310, 1554.9118480627883, Server_0, 3.0417973963282776, 851.26340541871, 0.6634106055383526, 3
311, 1558.601225052479, Server_0, 2.5526430912103453, 851.0922057502066, 0.6634106055383526, 2
312, 1564.3937819184584, Server_0, 3.0417973963282776, 851.0922057502293, 0.6634106055383526, 3
313, 1568.0831589081492, Server_0, 2.5526430912103453, 851.0922057502066, 0.6634106055383526, 2
314, 1573.8757157741286, Server_0, 3.0417973963282776, 851.0922057502293, 0.6634106055383526, 3
315, 1579.6553326968824, Server_0, 3.0417973963282776, 852.997710036985, 0.6634106055383526, 3
316, 1583.3447096865732, Server_0, 2.5526430912103453, 851.0922057502066, 0.6634106055383526, 2
317, 1589.0770263622273, Server_0, 3.0417973963282776, 860.0362260058513, 0.6634106055383526, 3
318, 1594.8695832282067, Server_0, 3.0417973963282776, 851.0922057502293, 0.6634106055383526, 3
319, 1598.5421303920784, Server_0, 2.5526430912103453, 854.9924234845471, 0.6634106055383526, 2
320, 1604.2253937322846, Server_0, 3.0417973963282776, 867.4593635531163, 0.6634106055383526, 3
321, 1607.8451598353774, Server_0, 2.5526430912103453, 867.4593635530993, 0.6634106055383526, 2
322, 1613.5284231755836, Server_0, 3.0417973963282776, 867.4593635531163, 0.6634106055383526, 3
323, 1619.2116865157898, Server_0, 3.0417973963282776, 867.4593635531163, 0.6634106055383526, 3
324, 1622.8314526188826, Server_0, 2.5526430912103453, 867.4593635530993, 0.6634106055383526, 2
325, 1628.5147159590888, Server_0, 3.0417973963282776, 867.4593635531163, 0.6634106055383526, 3
326, 1634.197979299295, Server_0, 3.0417973963282776, 867.4593635531163, 0.6634106055383526, 3
327, 1637.8177454023878, Server_0, 2.5526430912103453, 867.4593635530993, 0.6634106055383526, 2
328, 1643.501008742594, Server_0, 3.0417973963282776, 867.4593635531163, 0.6634106055383526, 3
329, 1649.1842720828001, Server_0, 3.0417973963282776, 867.4593635531163, 0.6634106055383526, 3
330, 1652.804038185893, Server_0, 2.5526430912103453, 867.4593635530993, 0.6634106055383526, 2
331, 1658.5454337018639, Server_0, 3.0417973963282776, 858.6762549777595, 0.6634106055383526, 3
332, 1664.3494692786765, Server_0, 3.0417973963282776, 849.4089904782139, 0.6634106055383526, 3
333, 1668.067032793192, Server_0, 2.5526430912103453, 844.6392342025974, 0.6634106055383526, 2
334, 1673.9008322446964, Server_0, 3.0417973963282776, 845.0753305770113, 0.6634106055383526, 3
335, 1679.6869610903402, Server_0, 3.0417973963282776, 852.037714941594, 0.6634106055383526, 3
336, 1683.4727567050472, Server_0, 2.5526430912103453, 829.4161438091814, 0.6634106055383526, 2
337, 1689.4444084601278, Server_0, 3.0417973963282776, 825.5672303405304, 0.6634106055383526, 3
338, 1693.2832826234026, Server_0, 2.5526430912103453, 817.9481448074837, 0.6634106055383526, 2
339, 1699.2804095719366, Server_0, 3.0417973963282776, 822.0603035933883, 0.6634106055383526, 3
340, 1703.122646644877, Server_0, 2.5526430912103453, 817.2322374675869, 0.6634106055383526, 2
341, 1708.993023047369, Server_0, 3.0417973963282776, 839.8098626022056, 0.6634106055383526, 3
342, 1714.8551907999463, Server_0, 3.0417973963282776, 840.9858277823117, 0.6634106055383526, 3
343, 1718.576544523177, Server_0, 2.5526430912103453, 843.778966884647, 0.6634106055383526, 2
344, 1724.3185747100915, Server_0, 3.0417973963282776, 858.5813448412373, 0.6634106055383526, 3
345, 1727.9365424058858, Server_0, 2.5526430912103453, 867.8905573563045, 0.6634106055383526, 2
346, 1733.8103814059907, Server_0, 3.0417973963282776, 839.3147990457261, 0.6634106055383526, 3
347, 1739.9473317627906, Server_0, 3.0417973963282776, 803.3305979960352, 0.6634106055383526, 3
348, 1743.8227747739388, Server_0, 2.5526430912103453, 810.229950735269, 0.6634106055383526, 2
349, 1749.9554414227434, Server_0, 3.0417973963282776, 803.8917297030908, 0.6634106055383526, 3
350, 1753.8423733002335, Server_0, 2.5526430912103453, 807.8350994995137, 0.6634106055383526, 2
351, 1759.8697297047167, Server_0, 3.0417973963282776, 817.9373624451617, 0.6634106055383526, 3
352, 1763.719625054991, Server_0, 2.5526430912103453, 815.6065851962321, 0.6634106055383526, 2
353, 1769.7231899468575, Server_0, 3.0417973963282776, 821.1787644169622, 0.6634106055383526, 3
354, 1773.571428548476, Server_0, 2.5526430912103453, 815.9577211972689, 0.6634106055383526, 2
355, 1779.6521833525996, Server_0, 3.0417973963282776, 810.7546116901004, 0.6634106055383526, 3
356, 1783.5236066606344, Server_0, 2.5526430912103453, 811.0712133915282, 0.6634106055383526, 2
357, 1789.6440441039333, Server_0, 3.0417973963282776, 805.4979804421863, 0.6634106055383526, 3
358, 1793.4968826072356, Server_0, 2.5526430912103453, 814.9835497409637, 0.6634106055383526, 2
359, 1799.6432625009659, Server_0, 3.0417973963282776, 802.0981594432477, 0.6634106055383526, 3
360, 1803.708899111715, Server_0, 2.5526430912103453, 772.3267720725808, 0.6634106055383526, 2
361, 1809.5103175572417, Server_0, 3.0417973963282776, 849.7921751880169, 0.6634106055383526, 3
362, 1813.099610729116, Server_0, 2.5526430912103453, 874.8240529932393, 0.6634106055383526, 2
363, 1819.732495867223, Server_0, 3.0417973963282776, 743.2663007650112, 0.6634106055383526, 3
364, 1823.7814921536074, Server_0, 2.5526430912103453, 775.5008347522823, 0.6634106055383526, 2
365, 1829.5761408845217, Server_0, 3.0417973963282776, 850.7849619423091, 0.6634106055383526, 3
366, 1833.6742742472725, Server_0, 2.5526430912103453, 766.2024931985962, 0.6634106055383526, 2
367, 1840.038967586038, Server_0, 3.0417973963282776, 774.5856300684133, 0.6634106055383526, 3
368, 1843.1977201055681, Server_0, 2.5526430912103453, 994.063314737675, 0.6634106055383526, 2
369, 1851.6870704364258, Server_0, 3.531593941666367, 912.3195177666281, 0.6634106055383526, 4
370, 1855.5852800859102, Server_0, 2.5526430912103453, 805.4979804421962, 0.6634106055383526, 2
371, 1859.4621790798867, Server_0, 2.5526430912103453, 809.9256660745041, 0.6634106055383526, 2
372, 1862.9436932861768, Server_0, 2.5526430912103453, 901.9064159861697, 0.6634106055383526, 2
373, 1868.1475512694146, Server_0, 3.0417973963282776, 947.3740474624806, 0.6634106055383526, 3
374, 1873.4949168659996, Server_0, 3.0417973963282776, 921.9493058691372, 0.6634106055383526, 3
375, 1878.9595931546594, Server_0, 3.0417973963282776, 902.1577380952366, 0.6634106055383526, 3
376, 1884.4242694433192, Server_0, 3.0417973963282776, 902.1577380952366, 0.6634106055383526, 3
377, 1887.9048137732161, Server_0, 2.5526430912103453, 902.1577380952324, 0.6634106055383526, 2
378, 1893.369490061876, Server_0, 3.0417973963282776, 902.1577380952366, 0.6634106055383526, 3
379, 1898.8341663505357, Server_0, 3.0417973963282776, 902.1577380952366, 0.6634106055383526, 3
380, 1904.2988426391955, Server_0, 3.0417973963282776, 902.1577380952366, 0.6634106055383526, 3
381, 1907.7793869690925, Server_0, 2.5526430912103453, 902.1577380952324, 0.6634106055383526, 2
382, 1913.2440632577523, Server_0, 3.0417973963282776, 902.1577380952366, 0.6634106055383526, 3
383, 1918.708739546412, Server_0, 3.0417973963282776, 902.1577380952366, 0.6634106055383526, 3
384, 1924.1734158350719, Server_0, 3.0417973963282776, 902.1577380952366, 0.6634106055383526, 3
385, 1927.6539601649688, Server_0, 2.5526430912103453, 902.1577380952324, 0.6634106055383526, 2
386, 1933.1186364536286, Server_0, 3.0417973963282776, 902.1577380952366, 0.6634106055383526, 3
387, 1938.5833127422884, Server_0, 3.0417973963282776, 902.1577380952366, 0.6634106055383526, 3
388, 1944.0479890309482, Server_0, 3.0417973963282776, 902.1577380952366, 0.6634106055383526, 3
389, 1949.5335904979684, Server_0, 3.0417973963282776, 898.7163995852638, 0.6634106055383526, 3
390, 1953.062820536103, Server_0, 2.5526430912103453, 889.7124772460945, 0.6634106055383526, 2
391, 1958.592281295494, Server_0, 3.0417973963282776, 891.5878445519137, 0.6634106055383526, 3
392, 1964.100816876525, Server_0, 3.0417973963282776, 894.9747037991194, 0.6634106055383526, 3
393, 1969.674537983399, Server_0, 3.0417973963282776, 884.5078369493366, 0.6634106055383526, 3
394, 1973.2158372783708, Server_0, 2.5526430912103453, 886.680209283175, 0.6634106055383526, 2
395, 1978.8092067485638, Server_0, 3.0417973963282776, 881.400741766104, 0.6634106055383526, 3
396, 1984.354022515484, Server_0, 3.0417973963282776, 889.1188106576668, 0.6634106055383526, 3
397, 1987.845016091331, Server_0, 2.5526430912103453, 899.4573985253572, 0.6634106055383526, 2
398, 1993.3688540206388, Server_0, 3.0417973963282776, 892.4954104541963, 0.6634106055383526, 3
399, 1998.9031411958965, Server_0, 3.0417973963282776, 890.8102965889885, 0.6634106055383526, 3
400, 2004.3678174845563, Server_0, 3.0417973963282776, 902.1577380952366, 0.6634106055383526, 3
401, 2007.8483618144533, Server_0, 2.5526430912103453, 902.1577380952324, 0.6634106055383526, 2
402, 2013.313038103113, Server_0, 3.0417973963282776, 902.1577380952366, 0.6634106055383526, 3
403, 2018.7777143917729, Server_0, 3.0417973963282776, 902.1577380952366, 0.6634106055383526, 3
404, 2024.2423906804327, Server_0, 3.0417973963282776, 902.1577380952366, 0.6634106055383526, 3
405, 2027.7229350103296, Server_0, 2.5526430912103453, 902.1577380952324, 0.6634106055383526, 2
406, 2033.1876112989894, Server_0, 3.0417973963282776, 902.1577380952366, 0.6634106055383526, 3
407, 2038.6522875876492, Server_0, 3.0417973963282776, 902.1577380952366, 0.6634106055383526, 3
408, 2044.116963876309, Server_0, 3.0417973963282776, 902.1577380952366, 0.6634106055383526, 3
409, 2049.5816401649686, Server_0, 3.0417973963282776, 902.1577380952742, 0.6634106055383526, 3
410, 2053.0621844948655, Server_0, 2.5526430912103453, 902.1577380952324, 0.6634106055383526, 2
411, 2058.526860783525, Server_0, 3.0417973963282776, 902.1577380952742, 0.6634106055383526, 3
412, 2063.9915370721847, Server_0, 3.0417973963282776, 902.1577380952742, 0.6634106055383526, 3
413, 2069.4562133608442, Server_0, 3.0417973963282776, 902.1577380952742, 0.6634106055383526, 3
414, 2072.936757690741, Server_0, 2.5526430912103453, 902.1577380952324, 0.6634106055383526, 2
415, 2078.4014339794007, Server_0, 3.0417973963282776, 902.1577380952742, 0.6634106055383526, 3
416, 2083.8661102680603, Server_0, 3.0417973963282776, 902.1577380952742, 0.6634106055383526, 3
417, 2089.382385056594, Server_0, 3.0417973963282776, 893.7190747363726, 0.6634106055383526, 3
418, 2092.880941773215, Server_0, 2.5526430912103453, 897.5129615828521, 0.6634106055383526, 2
419, 2098.4152289484728, Server_0, 3.0417973963282776, 890.8102965889885, 0.6634106055383526, 3
420, 2103.9495161237305, Server_0, 3.0417973963282776, 890.8102965889885, 0.6634106055383526, 3
421, 2109.462323669378, Server_0, 3.0417973963282776, 894.2811732821183, 0.6634106055383526, 3
422, 2112.964347628885, Server_0, 2.5526430912103453, 896.6243624563051, 0.6634106055383526, 2
423, 2118.498634804143, Server_0, 3.0417973963282776, 890.8102965889885, 0.6634106055383526, 3
424, 2123.9633110928025, Server_0, 3.0417973963282776, 902.1577380952742, 0.6634106055383526, 3
425, 2129.53181673218, Server_0, 3.0417973963282776, 885.3362678018866, 0.6634106055383526, 3
426, 2133.10039681404, Server_0, 2.5526430912103453, 879.9017894992293, 0.6634106055383526, 2
427, 2138.8532610784064, Server_0, 3.0417973963282776, 856.9644221464836, 0.6634106055383526, 3
428, 2144.5343254172585, Server_0, 3.0417973963282776, 867.7951359016132, 0.6634106055383526, 3
429, 2148.1647037792522, Server_0, 2.5526430912103453, 864.9236214253909, 0.6634106055383526, 2
430, 2153.8694821093345, Server_0, 3.0417973963282776, 864.1878289999936, 0.6634106055383526, 3
431, 2159.5108400238723, Server_0, 3.0417973963282776, 873.9030699143116, 0.6634106055383526, 3
432, 2163.0632180268603, Server_0, 2.5526430912103453, 883.9149429927941, 0.6634106055383526, 2
433, 2168.742893661228, Server_0, 3.0417973963282776, 868.0073154474595, 0.6634106055383526, 3
434, 2174.5073905723643, Server_0, 3.0417973963282776, 855.2350839977031, 0.6634106055383526, 3
435, 2178.2067148122655, Server_0, 2.5526430912103453, 848.8036723387751, 0.6634106055383526, 2
436, 2183.9993249211534, Server_0, 3.0417973963282776, 851.0843829167242, 0.6634106055383526, 3
437, 2189.800240100013, Server_0, 3.0417973963282776, 849.8659001197685, 0.6634106055383526, 3
438, 2193.4995643399143, Server_0, 2.5526430912103453, 848.8036723387751, 0.6634106055383526, 2
439, 2199.3244395027073, Server_0, 3.0417973963282776, 846.3700701245771, 0.6634106055383526, 3
440, 2203.060653958912, Server_0, 2.5526430912103453, 840.422849599898, 0.6634106055383526, 2
441, 2208.8455928079816, Server_0, 3.0417973963282776, 852.2129842034552, 0.6634106055383526, 3
442, 2214.7819111203426, Server_0, 3.0417973963282776, 830.4810727104102, 0.6634106055383526, 3
443, 2218.6487827915093, Server_0, 2.5526430912103453, 812.0259131983388, 0.6634106055383526, 2
444, 2224.7455568716373, Server_0, 3.0417973963282776, 808.6243536674631, 0.6634106055383526, 3
445, 2228.4653042585705, Server_0, 2.5526430912103453, 844.143344526623, 0.6634106055383526, 2
446, 2234.373616623982, Server_0, 3.0417973963282776, 834.4176297890716, 0.6634106055383526, 3
447, 2238.1246974299806, Server_0, 2.5526430912103453, 837.0920708982037, 0.6634106055383526, 2
448, 2243.8889127603893, Server_0, 3.0417973963282776, 855.2768620547841, 0.6634106055383526, 3
449, 2249.949864536959, Server_0, 3.0417973963282776, 813.4036009093955, 0.6634106055383526, 3
450, 2253.8480741864437, Server_0, 2.5526430912103453, 805.4979804421491, 0.6634106055383526, 2
451, 2259.968511629743, Server_0, 3.0417973963282776, 805.4979804421564, 0.6634106055383526, 3
452, 2263.9057613286436, Server_0, 2.5526430912103453, 797.5110140656338, 0.6634106055383526, 2
453, 2270.00242072765, Server_0, 3.0417973963282776, 808.639564283905, 0.6634106055383526, 3
454, 2273.881301626964, Server_0, 2.5526430912103453, 809.5118364050063, 0.6634106055383526, 2
455, 2280.0909714603536, Server_0, 3.0417973963282776, 793.9230478070488, 0.6634106055383526, 3
456, 2284.0280129183798, Server_0, 2.5526430912103453, 797.5531966011347, 0.6634106055383526, 2
457, 2290.281359087552, Server_0, 3.0417973963282776, 788.3779126611992, 0.6634106055383526, 3
458, 2294.280451082955, Server_0, 2.5526430912103453, 785.1782363620247, 0.6634106055383526, 2
459, 2298.0831378760117, Server_0, 2.5526430912103453, 825.731955030679, 0.6634106055383526, 2
460, 2304.185959386773, Server_0, 3.0417973963282776, 807.823068609627, 0.6634106055383526, 3
461, 2308.0897352456786, Server_0, 2.5526430912103453, 804.3494589569603, 0.6634106055383526, 2
462, 2314.124335989835, Server_0, 3.0417973963282776, 816.9554555492479, 0.6634106055383526, 3
463, 2320.17926876929, Server_0, 3.0417973963282776, 814.2121770084485, 0.6634106055383526, 3
464, 2324.113387535696, Server_0, 2.5526430912103453, 798.1457059235299, 0.6634106055383526, 2
465, 2330.1953127952897, Server_0, 3.0417973963282776, 810.5985834375789, 0.6634106055383526, 3
466, 2334.0365999138444, Server_0, 2.5526430912103453, 817.4343398682163, 0.6634106055383526, 2
467, 2340.186965604566, Server_0, 3.0417973963282776, 801.5783528835273, 0.6634106055383526, 3
468, 2344.086392790772, Server_0, 2.5526430912103453, 805.2464759715112, 0.6634106055383526, 2
469, 2350.192275633539, Server_0, 3.0417973963282776, 807.4180469807525, 0.6634106055383526, 3
470, 2354.142503819672, Server_0, 2.5526430912103453, 794.8907890998692, 0.6634106055383526, 2
471, 2358.0707363345696, Server_0, 2.5526430912103453, 799.341685628804, 0.6634106055383526, 2
472, 2364.2432869325075, Server_0, 3.0417973963282776, 798.6973815406127, 0.6634106055383526, 3
473, 2368.2222059599603, Server_0, 2.5526430912103453, 789.1590601204482, 0.6634106055383526, 2
474, 2374.3450530996483, Server_0, 3.0417973963282776, 805.1809701476886, 0.6634106055383526, 3
475, 2378.300817954308, Server_0, 2.5526430912103453, 793.7782237741499, 0.6634106055383526, 2
476, 2384.3052413029363, Server_0, 3.0417973963282776, 821.0613598933305, 0.6634106055383526, 3
477, 2388.0721819106966, Server_0, 2.5526430912103453, 833.5676951028366, 0.6634106055383526, 2
478, 2394.07468849865, Server_0, 3.0417973963282776, 821.3235467153025, 0.6634106055383526, 3
479, 2400.1019269076482, Server_0, 3.0417973963282776, 817.9533752373219, 0.6634106055383526, 3
480, 2403.9131411486164, Server_0, 2.5526430912103453, 823.8844109698563, 0.6634106055383526, 2
481, 2409.9428958526746, Server_0, 3.0417973963282776, 817.6120326556543, 0.6634106055383526, 3
482, 2413.711826006521, Server_0, 2.5526430912103453, 833.1276706721703, 0.6634106055383526, 2
483, 2419.673345007314, Server_0, 3.0417973963282776, 826.9704414838208, 0.6634106055383526, 3
484, 2423.4871141623057, Server_0, 2.5526430912103453, 823.3324756665043, 0.6634106055383526, 2
485, 2429.420789779268, Server_0, 3.0417973963282776, 830.85094606568, 0.6634106055383526, 3
486, 2433.2323929248396, Server_0, 2.5526430912103453, 823.8003485877474, 0.6634106055383526, 2
487, 2439.19478884456, Server_0, 3.0417973963282776, 826.8488148688732, 0.6634106055383526, 3
488, 2442.962842079479, Server_0, 2.5526430912103453, 833.3215600304043, 0.6634106055383526, 2
489, 2448.9343033578293, Server_0, 3.0417973963282776, 825.5935641538357, 0.6634106055383526, 3
490, 2454.90576463618, Server_0, 3.0417973963282776, 825.5935641538357, 0.6634106055383526, 3
491, 2458.677043360024, Server_0, 2.5526430912103453, 832.6088390516079, 0.6634106055383526, 2
492, 2464.705824677417, Server_0, 3.0417973963282776, 817.7440415324425, 0.6634106055383526, 3
493, 2468.5387326620016, Server_0, 2.5526430912103453, 819.2213360269621, 0.6634106055383526, 2
494, 2474.505884718654, Server_0, 3.0417973963282776, 826.1897724734021, 0.6634106055383526, 3
495, 2478.3320994298665, Server_0, 2.5526430912103453, 820.6544161775832, 0.6634106055383526, 2
496, 2484.283945184735, Server_0, 3.0417973963282776, 828.3144763903629, 0.6634106055383526, 3
497, 2488.06493263618, Server_0, 2.5526430912103453, 830.4708863288902, 0.6634106055383526, 2
498, 2494.0363939145304, Server_0, 3.0417973963282776, 825.5935641538357, 0.6634106055383526, 3
499, 2500.0162354573577, Server_0, 3.0417973963282776, 824.4365615195113, 0.6634106055383526, 3
500, 2503.844834220244, Server_0, 2.5526430912103453, 820.1433982684223, 0.6634106055383526, 2
501, 2509.85597813777, Server_0, 3.0417973963282776, 820.1433982684063, 0.6634106055383526, 3
502, 2513.6845769006563, Server_0, 2.5526430912103453, 820.1433982684223, 0.6634106055383526, 2
503, 2519.695720818182, Server_0, 3.0417973963282776, 820.1433982684063, 0.6634106055383526, 3
504, 2523.5243195810685, Server_0, 2.5526430912103453, 820.1433982684223, 0.6634106055383526, 2
505, 2529.5354634985943, Server_0, 3.0417973963282776, 820.1433982684063, 0.6634106055383526, 3
506, 2533.3640622614807, Server_0, 2.5526430912103453, 820.1433982684223, 0.6634106055383526, 2
507, 2539.3752061790065, Server_0, 3.0417973963282776, 820.1433982684063, 0.6634106055383526, 3
508, 2543.203804941893, Server_0, 2.5526430912103453, 820.1433982684223, 0.6634106055383526, 2
509, 2549.2149488594187, Server_0, 3.0417973963282776, 820.1433982684063, 0.6634106055383526, 3
510, 2553.043547622305, Server_0, 2.5526430912103453, 820.1433982684223, 0.6634106055383526, 2
511, 2559.054691539831, Server_0, 3.0417973963282776, 820.1433982684063, 0.6634106055383526, 3
512, 2565.0658354573566, Server_0, 3.0417973963282776, 820.1433982684063, 0.6634106055383526, 3
513, 2568.894434220243, Server_0, 2.5526430912103453, 820.1433982684223, 0.6634106055383526, 2
514, 2574.9055766387232, Server_0, 3.0417973963282776, 820.1436027939717, 0.6634106055383526, 3
515, 2578.7341754016097, Server_0, 2.5526430912103453, 820.1433982684223, 0.6634106055383526, 2
516, 2584.7453193191354, Server_0, 3.0417973963282776, 820.1433982684063, 0.6634106055383526, 3
517, 2588.573918082022, Server_0, 2.5526430912103453, 820.1433982684223, 0.6634106055383526, 2
518, 2594.5850619995476, Server_0, 3.0417973963282776, 820.1433982684063, 0.6634106055383526, 3
519, 2598.413660762434, Server_0, 2.5526430912103453, 820.1433982684223, 0.6634106055383526, 2
520, 2604.42480467996, Server_0, 3.0417973963282776, 820.1433982684063, 0.6634106055383526, 3
521, 2608.2534034428463, Server_0, 2.5526430912103453, 820.1433982684223, 0.6634106055383526, 2
522, 2614.264547360372, Server_0, 3.0417973963282776, 820.1433982684063, 0.6634106055383526, 3
523, 2618.0931461232585, Server_0, 2.5526430912103453, 820.1433982684223, 0.6634106055383526, 2
524, 2624.1042900407842, Server_0, 3.0417973963282776, 820.1433982684063, 0.6634106055383526, 3
525, 2630.185044844908, Server_0, 3.0417973963282776, 810.7546116900701, 0.6634106055383526, 3
526, 2634.0477915493825, Server_0, 2.5526430912103453, 812.8930629499499, 0.6634106055383526, 2
527, 2640.3277861595357, Server_0, 3.0417973963282776, 785.0325208925251, 0.6634106055383526, 3
528, 2644.363425892265, Server_0, 2.5526430912103453, 778.067470823655, 0.6634106055383526, 2
529, 2648.2960272351543, Server_0, 2.5526430912103453, 798.4536763883829, 0.6634106055383526, 2
530, 2654.5164958293603, Server_0, 3.0417973963282776, 792.5447939069977, 0.6634106055383526, 3
531, 2658.4431759636564, Server_0, 2.5526430912103453, 799.6576987707563, 0.6634106055383526, 2
532, 2664.2882621411036, Server_0, 3.0417973963282776, 843.4435096991365, 0.6634106055383526, 3
533, 2668.1858589945, Server_0, 2.5526430912103453, 805.6246241228798, 0.6634106055383526, 2
534, 2674.2759644839566, Server_0, 3.0417973963282776, 809.5097873977668, 0.6634106055383526, 3
535, 2678.159863186204, Server_0, 2.5526430912103453, 808.4659875869448, 0.6634106055383526, 2
536, 2684.238465117271, Server_0, 3.0417973963282776, 811.041758599659, 0.6634106055383526, 3
537, 2688.202478636295, Server_0, 2.5526430912103453, 792.1264609544577, 0.6634106055383526, 2
538, 2694.432209605367, Server_0, 3.0417973963282776, 791.3664369256583, 0.6634106055383526, 3
539, 2698.4000301414494, Server_0, 2.5526430912103453, 791.3664369256624, 0.6634106055383526, 2
540, 2704.57712777073, Server_0, 3.0417973963282776, 798.1094513758269, 0.6634106055383526, 3
541, 2708.4042176371395, Server_0, 2.5526430912103453, 820.4667540106248, 0.6634106055383526, 2
542, 2714.3223499392134, Server_0, 3.0417973963282776, 833.0330834733743, 0.6634106055383526, 3
543, 2718.2807782376717, Server_0, 2.5526430912103453, 793.2441270245872, 0.6634106055383526, 2
544, 2724.458650676072, Server_0, 3.0417973963282776, 798.0093550258827, 0.6634106055383526, 3
545, 2728.3692908410203, Server_0, 2.5526430912103453, 802.9375927103534, 0.6634106055383526, 2
546, 2734.615860805073, Server_0, 3.0417973963282776, 789.2331356841632, 0.6634106055383526, 3
547, 2738.5802152168467, Server_0, 2.5526430912103453, 792.0583464169439, 0.6634106055383526, 2
548, 2744.5551807876927, Server_0, 3.0417973963282776, 825.1093569568326, 0.6634106055383526, 3
549, 2748.16739739563, Server_0, 2.5526430912103453, 869.2723446042623, 0.6634106055383526, 2
550, 2754.127785687557, Server_0, 3.0417973963282776, 827.1273209963769, 0.6634106055383526, 3
551, 2760.240241129137, Server_0, 3.0417973963282776, 806.5498468036179, 0.6634106055383526, 3
552, 2764.2368389443527, Server_0, 2.5526430912103453, 785.6682471389487, 0.6634106055383526, 2
553, 2768.1353632940613, Server_0, 2.5526430912103453, 805.4329583024625, 0.6634106055383526, 2
554, 2774.4370367999277, Server_0, 3.0417973963282776, 782.3318671477616, 0.6634106055383526, 3
555, 2778.499890481439, Server_0, 2.5526430912103453, 772.8557920481463, 0.6634106055383526, 2
556, 2784.689175954543, Server_0, 3.0417973963282776, 796.5378267691207, 0.6634106055383526, 3
557, 2788.5928924811187, Server_0, 2.5526430912103453, 804.3616842112879, 0.6634106055383526, 2
558, 2794.7398717355054, Server_0, 3.0417973963282776, 802.0199509347289, 0.6634106055383526, 3
559, 2798.648556743883, Server_0, 2.5526430912103453, 803.3392287354634, 0.6634106055383526, 2
560, 2804.5814054491707, Server_0, 3.0417973963282776, 830.9667488412746, 0.6634106055383526, 3
561, 2808.378137273279, Server_0, 2.5526430912103453, 827.0270710355685, 0.6634106055383526, 2
562, 2814.242325650473, Server_0, 3.0417973963282776, 840.69604911961, 0.6634106055383526, 3
563, 2817.983414729439, Server_0, 2.5526430912103453, 839.3277822905533, 0.6634106055383526, 2
564, 2823.8349184915724, Server_0, 3.0417973963282776, 842.5184705346085, 0.6634106055383526, 3
565, 2829.667949810593, Server_0, 3.0417973963282776, 845.1866157350869, 0.6634106055383526, 3
566, 2833.364931390821, Server_0, 2.5526430912103453, 849.3415322363173, 0.6634106055383526, 2
567, 2839.1833871315066, Server_0, 3.0417973963282776, 847.3038585696902, 0.6634106055383526, 3
568, 2842.80722739273, Server_0, 2.5526430912103453, 866.4841090263455, 0.6634106055383526, 2
569, 2848.5600568341197, Server_0, 3.0417973963282776, 856.9696095160325, 0.6634106055383526, 3
570, 2854.3187142254023, Server_0, 3.0417973963282776, 856.1023282029121, 0.6634106055383526, 3
571, 2858.008091215093, Server_0, 2.5526430912103453, 851.092205750259, 0.6634106055383526, 2
572, 2863.8702589676705, Server_0, 3.0417973963282776, 840.9858277822791, 0.6634106055383526, 3
573, 2869.7127614039, Server_0, 3.0417973963282776, 843.8165073631645, 0.6634106055383526, 3
574, 2873.4218037099386, Server_0, 2.5526430912103453, 846.5797208319468, 0.6634106055383526, 2
575, 2879.283971462516, Server_0, 3.0417973963282776, 840.9858277822791, 0.6634106055383526, 3
576, 2883.0117535563995, Server_0, 2.5526430912103453, 842.3239129647975, 0.6634106055383526, 2
577, 2888.8531869522367, Server_0, 3.0417973963282776, 843.9709341740194, 0.6634106055383526, 3
578, 2894.8486995888506, Server_0, 3.0417973963282776, 822.2816460919468, 0.6634106055383526, 3
579, 2898.6102656461244, Server_0, 2.5526430912103453, 834.7587021443322, 0.6634106055383526, 2
580, 2905.010004359039, Server_0, 3.0417973963282776, 770.3439501445873, 0.6634106055383526, 3
581, 2909.032535036645, Server_0, 2.5526430912103453, 780.6031206873834, 0.6634106055383526, 2
582, 2914.6303722317366, Server_0, 3.0417973963282776, 880.6972815006084, 0.6634106055383526, 3
583, 2918.166267343118, Server_0, 2.5526430912103453, 888.035391630551, 0.6634106055383526, 2
584, 2923.687447149475, Server_0, 3.0417973963282776, 892.9250944379186, 0.6634106055383526, 3
585, 2929.3991677195104, Server_0, 3.0417973963282776, 863.1374626173766, 0.6634106055383526, 3
586, 2933.093498253472, Server_0, 2.5526430912103453, 849.9510184956264, 0.6634106055383526, 2
587, 2938.8937320916702, Server_0, 3.0417973963282776, 849.9657319904306, 0.6634106055383526, 3
588, 2944.6887921106577, Server_0, 3.0417973963282776, 850.7245798743958, 0.6634106055383526, 3
589, 2948.3781691003483, Server_0, 2.5526430912103453, 851.092205750259, 0.6634106055383526, 2
590, 2954.1409199109867, Server_0, 3.0417973963282776, 855.4942182991676, 0.6634106055383526, 3
591, 2957.8110861142663, Server_0, 2.5526430912103453, 855.5470859041973, 0.6634106055383526, 2
592, 2963.618677511228, Server_0, 3.0417973963282776, 848.8889219340352, 0.6634106055383526, 3
593, 2969.523490335831, Server_0, 3.0417973963282776, 834.912154955791, 0.6634106055383526, 3
594, 2973.262861013244, Server_0, 2.5526430912103453, 839.7134894827058, 0.6634106055383526, 2
595, 2979.1329180587404, Server_0, 3.0417973963282776, 839.8555519630844, 0.6634106055383526, 3
596, 2982.903951279667, Server_0, 2.5526430912103453, 832.663043797944, 0.6634106055383526, 2
597, 2988.80013324545, Server_0, 3.0417973963282776, 836.134303284745, 0.6634106055383526, 3
598, 2994.582677080622, Server_0, 3.0417973963282776, 852.5659537613154, 0.6634106055383526, 3
599, 2998.40150165333, Server_0, 2.5526430912103453, 822.2425356851329, 0.6634106055383526, 2
600, 3004.4637469042823, Server_0, 3.0417973963282776, 813.2300485905744, 0.6634106055383526, 3
601, 3008.3265039347452, Server_0, 2.5526430912103453, 812.8908899102247, 0.6634106055383526, 2
602, 3014.455036693832, Server_0, 3.0417973963282776, 804.4339801709176, 0.6634106055383526, 3
603, 3018.4166779382526, Server_0, 2.5526430912103453, 792.6007950422537, 0.6634106055383526, 2
604, 3024.2829206936035, Server_0, 3.0417973963282776, 840.4016345050027, 0.6634106055383526, 3
605, 3027.9994097083577, Server_0, 2.5526430912103453, 844.8834336747481, 0.6634106055383526, 2
606, 3034.346287183606, Server_0, 3.0417973963282776, 776.7599137097242, 0.6634106055383526, 3
607, 3038.36758235716, Server_0, 2.5526430912103453, 780.8429534470052, 0.6634106055383526, 2
608, 3044.314319694854, Server_0, 3.0417973963282776, 829.0260221769847, 0.6634106055383526, 3
609, 3048.047212011886, Server_0, 2.5526430912103453, 841.1707955445396, 0.6634106055383526, 2
610, 3053.9343319985705, Server_0, 3.0417973963282776, 837.4213556290272, 0.6634106055383526, 3
611, 3059.942271975821, Server_0, 3.0417973963282776, 820.5807678951442, 0.6634106055383526, 3
612, 3063.7126419518017, Server_0, 2.5526430912103453, 832.80951736921, 0.6634106055383526, 2
613, 3069.5732511247925, Server_0, 3.0417973963282776, 841.2094808711098, 0.6634106055383526, 3
614, 3073.3150062663053, Server_0, 2.5526430912103453, 839.1783751863724, 0.6634106055383526, 2
615, 3079.244716145409, Server_0, 3.0417973963282776, 831.4066118771682, 0.6634106055383526, 3
616, 3083.048286822911, Server_0, 2.5526430912103453, 825.5400691179057, 0.6634106055383526, 2
617, 3088.859007601776, Server_0, 3.0417973963282776, 848.4317501422106, 0.6634106055383526, 3
618, 3094.651564467755, Server_0, 3.0417973963282776, 851.0922057502293, 0.6634106055383526, 3
619, 3098.3409414574458, Server_0, 2.5526430912103453, 851.092205750259, 0.6634106055383526, 2
620, 3104.133498323425, Server_0, 3.0417973963282776, 851.0922057502293, 0.6634106055383526, 3
621, 3107.8502806139113, Server_0, 2.5526430912103453, 844.8167674596953, 0.6634106055383526, 2
622, 3113.821741892262, Server_0, 3.0417973963282776, 825.5935641538357, 0.6634106055383526, 3
623, 3119.7882640099947, Server_0, 3.0417973963282776, 826.2770006915282, 0.6634106055383526, 3
624, 3123.552191046901, Server_0, 2.5526430912103453, 834.2350872403811, 0.6634106055383526, 2
625, 3129.5236523252515, Server_0, 3.0417973963282776, 825.5935641538357, 0.6634106055383526, 3
626, 3133.319961861083, Server_0, 2.5526430912103453, 827.119066652282, 0.6634106055383526, 2
627, 3139.262783982503, Server_0, 3.0417973963282776, 829.5721963863526, 0.6634106055383526, 3
628, 3143.0552949419816, Server_0, 2.5526430912103453, 827.9475085371391, 0.6634106055383526, 2
629, 3148.896216949749, Server_0, 3.0417973963282776, 844.0448260469774, 0.6634106055383526, 3
630, 3154.7284564549036, Server_0, 3.0417973963282776, 845.301362477112, 0.6634106055383526, 3
631, 3158.4874443311924, Server_0, 2.5526430912103453, 835.3312389770508, 0.6634106055383526, 2
632, 3164.389294722945, Server_0, 3.0417973963282776, 835.3312389770465, 0.6634106055383526, 3
633, 3168.148282599234, Server_0, 2.5526430912103453, 835.3312389770508, 0.6634106055383526, 2
634, 3174.0503829865293, Server_0, 3.0417973963282776, 835.295856812622, 0.6634106055383526, 3
635, 3180.0869228240012, Server_0, 3.0417973963282776, 816.693028247223, 0.6634106055383526, 3
636, 3183.964313788991, Server_0, 2.5526430912103453, 809.8229011084982, 0.6634106055383526, 2
637, 3189.9579749689206, Server_0, 3.0417973963282776, 822.5356509154673, 0.6634106055383526, 3
638, 3193.759546599234, Server_0, 2.5526430912103453, 825.9741773538806, 0.6634106055383526, 2
639, 3199.7310078775845, Server_0, 3.0417973963282776, 825.5935641538357, 0.6634106055383526, 3
640, 3203.561939948816, Server_0, 2.5526430912103453, 819.6438729832739, 0.6634106055383526, 2
641, 3209.613628640088, Server_0, 3.0417973963282776, 814.6486462712992, 0.6634106055383526, 3
642, 3213.5616205282886, Server_0, 2.5526430912103453, 795.3410465164491, 0.6634106055383526, 2
643, 3219.659166800996, Server_0, 3.0417973963282776, 808.5219495695609, 0.6634106055383526, 3
644, 3223.4746327942053, Server_0, 2.5526430912103453, 822.9663180299706, 0.6634106055383526, 2
645, 3229.6512660045473, Server_0, 3.0417973963282776, 798.1694609524948, 0.6634106055383526, 3
646, 3233.6069189882323, Server_0, 2.5526430912103453, 793.8006728474028, 0.6634106055383526, 2
647, 3239.6638147010176, Server_0, 3.0417973963282776, 813.948305167853, 0.6634106055383526, 3
648, 3243.555246825768, Server_0, 2.5526430912103453, 806.9008784783824, 0.6634106055383526, 2
649, 3249.7200694059643, Server_0, 3.0417973963282776, 799.6986021685198, 0.6634106055383526, 3
650, 3253.6272229597735, Server_0, 2.5526430912103453, 803.6541069492259, 0.6634106055383526, 2
651, 3259.7865888851666, Server_0, 3.0417973963282776, 800.4070645770826, 0.6634106055383526, 3
652, 3263.64401971848, Server_0, 2.5526430912103453, 814.0132994433143, 0.6634106055383526, 2
653, 3269.831368836949, Server_0, 3.0417973963282776, 796.787106336754, 0.6634106055383526, 3
654, 3273.8254502638747, Server_0, 2.5526430912103453, 786.1632411477592, 0.6634106055383526, 2
655, 3279.8710923856756, Server_0, 3.0417973963282776, 815.4634198776226, 0.6634106055383526, 3
656, 3283.7309094450356, Server_0, 2.5526430912103453, 813.5100580442113, 0.6634106055383526, 2
657, 3289.9170665549796, Server_0, 3.0417973963282776, 796.9406389752528, 0.6634106055383526, 3
658, 3293.777356130215, Server_0, 2.5526430912103453, 813.4104809503505, 0.6634106055383526, 2
659, 3299.6566413462156, Server_0, 3.0417973963282776, 838.5373083420151, 0.6634106055383526, 3
660, 3303.4504128617436, Server_0, 2.5526430912103453, 827.6724065083619, 0.6634106055383526, 2
661, 3309.4593654700766, Server_0, 3.0417973963282776, 820.4424832978872, 0.6634106055383526, 3
662, 3313.361211051531, Server_0, 2.5526430912103453, 804.747377734408, 0.6634106055383526, 2
663, 3319.5113116140683, Server_0, 3.0417973963282776, 801.6129085808075, 0.6634106055383526, 3
664, 3323.358855355463, Server_0, 2.5526430912103453, 816.1050818519326, 0.6634106055383526, 2
665, 3329.5751075290264, Server_0, 3.0417973963282776, 793.0823689821677, 0.6634106055383526, 3
666, 3333.5417313714293, Server_0, 2.5526430912103453, 791.6051848510684, 0.6634106055383526, 2
667, 3339.788506367687, Server_0, 3.0417973963282776, 789.2072314039243, 0.6634106055383526, 3
668, 3343.777684361465, Server_0, 2.5526430912103453, 787.1295803039006, 0.6634106055383526, 2
669, 3349.874738362276, Server_0, 3.0417973963282776, 808.5872290690737, 0.6634106055383526, 3
670, 3353.837820129365, Server_0, 2.5526430912103453, 792.3126961638138, 0.6634106055383526, 2
671, 3360.078696314537, Server_0, 3.0417973963282776, 789.9531818486292, 0.6634106055383526, 3
672, 3364.024166461577, Server_0, 2.5526430912103453, 795.849387519954, 0.6634106055383526, 2
673, 3370.104508180392, Server_0, 3.0417973963282776, 810.8096926106457, 0.6634106055383526, 3
674, 3373.980886087351, Server_0, 2.5526430912103453, 810.0345413595785, 0.6634106055383526, 2
675, 3380.179901055962, Server_0, 3.0417973963282776, 795.2876424662818, 0.6634106055383526, 3
676, 3384.088037237525, Server_0, 2.5526430912103453, 803.4520431538004, 0.6634106055383526, 2
677, 3390.148272777694, Server_0, 3.0417973963282776, 813.4997340157269, 0.6634106055383526, 3
678, 3394.0168057126207, Server_0, 2.5526430912103453, 811.6772049814189, 0.6634106055383526, 2
679, 3400.13447169725, Server_0, 3.0417973963282776, 805.862891564654, 0.6634106055383526, 3
680, 3404.1404590256648, Server_0, 2.5526430912103453, 783.8267429673675, 0.6634106055383526, 2
681, 3408.0413656488454, Server_0, 2.5526430912103453, 804.9410825014289, 0.6634106055383526, 2
682, 3414.0188248059644, Server_0, 3.0417973963282776, 824.765150277685, 0.6634106055383526, 3
683, 3420.0620480374973, Server_0, 3.0417973963282776, 815.7898212787779, 0.6634106055383526, 3
684, 3424.0327479369926, Server_0, 2.5526430912103453, 790.7925754850344, 0.6634106055383526, 2
685, 3430.27000237405, Server_0, 3.0417973963282776, 790.4118790969043, 0.6634106055383526, 3
686, 3434.06861882349, Server_0, 2.5526430912103453, 826.6167542297876, 0.6634106055383526, 2
687, 3440.215265027946, Server_0, 3.0417973963282776, 802.0634075906419, 0.6634106055383526, 3
688, 3444.2012020554935, Server_0, 2.5526430912103453, 787.7695955301936, 0.6634106055383526, 2
689, 3448.248468175556, Server_0, 2.5526430912103453, 775.8323537053609, 0.6634106055383526, 2
690, 3454.516347296822, Server_0, 3.0417973963282776, 786.5499484942436, 0.6634106055383526, 3
691, 3458.356357513494, Server_0, 2.5526430912103453, 817.7061577511445, 0.6634106055383526, 2
692, 3464.500682762054, Server_0, 3.0417973963282776, 802.3663788233413, 0.6634106055383526, 3
693, 3468.369203730976, Server_0, 2.5526430912103453, 811.6797156394898, 0.6634106055383526, 2
694, 3474.612276139435, Server_0, 3.0417973963282776, 789.6752876548848, 0.6634106055383526, 3
695, 3478.703883636906, Server_0, 2.5526430912103453, 767.424539607158, 0.6634106055383526, 2
696, 3485.096334107223, Server_0, 3.0417973963282776, 771.2222445668264, 0.6634106055383526, 3
697, 3489.206915953108, Server_0, 2.5526430912103453, 763.882126113939, 0.6634106055383526, 2
698, 3493.3459888534567, Server_0, 2.5526430912103453, 758.6239903470699, 0.6634106055383526, 2
699, 3499.377510860831, Server_0, 3.0417973963282776, 817.3724631979065, 0.6634106055383526, 3
700, 3503.1776294756773, Server_0, 2.5526430912103453, 826.2899972997359, 0.6634106055383526, 2
701, 3509.3877889324563, Server_0, 3.0417973963282776, 793.8604530707325, 0.6634106055383526, 3
702, 3513.314478729981, Server_0, 2.5526430912103453, 799.6557308853983, 0.6634106055383526, 2
703, 3519.315928626135, Server_0, 3.0417973963282776, 821.4681594125543, 0.6634106055383526, 3
704, 3523.187210344279, Server_0, 2.5526430912103453, 811.1008778522552, 0.6634106055383526, 2
705, 3529.442245697466, Server_0, 3.0417973963282776, 788.1650097289709, 0.6634106055383526, 3
706, 3533.4023637919113, Server_0, 2.5526430912103453, 792.9056470322257, 0.6634106055383526, 2
707, 3539.412416592789, Server_0, 3.0417973963282776, 820.292294150867, 0.6634106055383526, 3
708, 3543.2228891568993, Server_0, 2.5526430912103453, 824.0447732322948, 0.6634106055383526, 2
709, 3549.396854627782, Server_0, 3.0417973963282776, 798.5143459662388, 0.6634106055383526, 3
710, 3553.3398577037956, Server_0, 2.5526430912103453, 796.3473371607284, 0.6634106055383526, 2
711, 3559.400653276704, Server_0, 3.0417973963282776, 813.4245645962783, 0.6634106055383526, 3
712, 3563.325908676749, Server_0, 2.5526430912103453, 799.9479473269462, 0.6634106055383526, 2
713, 3569.683348772888, Server_0, 3.0417973963282776, 775.4693595923738, 0.6634106055383526, 3
714, 3573.678594465147, Server_0, 2.5526430912103453, 785.9341431952712, 0.6634106055383526, 2
715, 3579.8285194703003, Server_0, 3.0417973963282776, 801.6357916346751, 0.6634106055383526, 3
716, 3583.710491878785, Server_0, 2.5526430912103453, 808.8671607085687, 0.6634106055383526, 2
717, 3589.847850928709, Server_0, 3.0417973963282776, 803.2771033757911, 0.6634106055383526, 3
718, 3593.594638664158, Server_0, 2.5526430912103453, 838.0512112526901, 0.6634106055383526, 2
719, 3598.830067167164, Server_0, 3.0417973963282776, 941.6612216496436, 0.6634106055383526, 3
