0, 4.1221764574509985, Server_00, 2.5526430912103453, 9021.577380952383, 0.0, 2
1, 8.11464464813193, Server_00, 4.999925769684824, 7514.148783958971, 0.0, 7
2, 18.06682541621407, Server_00, 4.999925769684824, 3014.414699561494, 0.0, 7
3, 18.823102657175575, Server_00, 2.063532775625675, 2644.5328401754714, 0.0, 1
4, 23.463843854596394, Server_00, 4.0211812311925765, 2621.348505010564, 0.0, 5
5, 28.31820558655516, Server_00, 4.0211812311925765, 2505.993716931216, 0.0, 5
6, 33.17256731851393, Server_00, 4.0211812311925765, 2505.9937169312143, 0.0, 5
7, 38.026929050472695, Server_00, 4.0211812311925765, 2505.9937169312143, 0.0, 5
8, 42.92411051275472, Server_00, 4.0211812311925765, 2484.081934413608, 0.0, 5
9, 47.10304992134487, Server_00, 4.0211812311925765, 2911.025695896395, 0.0, 5
10, 51.88295226361442, Server_00, 4.0211812311925765, 2545.0310757235934, 0.0, 5
11, 56.46762723268659, Server_00, 4.0211812311925765, 2653.405112044816, 0.0, 5
12, 61.23805607762407, Server_00, 4.0211812311925765, 2550.085201021255, 0.0, 5
13, 66.07686726596386, Server_00, 4.0211812311925765, 2514.0472579947605, 0.0, 5
14, 72.06755544783273, Server_00, 4.0211812311925765, 2030.6515095908337, 0.0, 5
15, 78.10210180963091, Server_0, 3.531593941666367, 1283.443615419029, 0.0, 4
16, 80.28365123600769, Server_00, 3.0417973963282776, 2259.8617021425844, 0.0, 3
17, 86.68356230696735, Server_0, 3.531593941666367, 1210.1730655514632, 0.0, 4
18, 91.43488604716602, Server_0, 3.0417973963282776, 1037.6055746927186, 0.0, 3
19, 93.77245351835055, Server_00, 3.0417973963282776, 2109.0300326183933, 0.0, 3
20, 98.6572697464272, Server_00, 3.531593941666367, 1585.525358248637, 0.0, 4
21, 103.63655420003545, Server_00, 3.531593941666367, 1555.4443760262736, 0.0, 4
22, 108.72513217941689, Server_00, 3.531593941666367, 1522.0362213927338, 0.0, 4
23, 111.72910459337022, Server_00, 3.0417973963282776, 1641.1602107597068, 0.0, 3
24, 116.36499011914343, Server_00, 3.531593941666367, 1670.6624779541414, 0.0, 4
25, 121.00087564491662, Server_00, 3.531593941666367, 1670.6624779541467, 0.0, 4
26, 125.63676117068982, Server_00, 3.531593941666367, 1670.6624779541414, 0.0, 4
27, 130.27264669646303, Server_00, 3.531593941666367, 1670.6624779541414, 0.0, 4
28, 135.05108181880928, Server_00, 3.531593941666367, 1620.8235126559885, 0.0, 4
29, 139.9327895944201, Server_00, 3.531593941666367, 1586.5349496531333, 0.0, 4
30, 144.9972965711021, Server_00, 3.531593941666367, 1529.270279547345, 0.0, 4
31, 148.24565747289563, Server_00, 3.0417973963282776, 1517.688504771129, 0.0, 3
32, 151.84993540574777, Server_0, 3.0417973963282776, 1367.819044992123, 0.0, 3
33, 155.1675432561881, Server_00, 3.0417973963282776, 1486.0104696658623, 0.0, 3
34, 158.72714651217873, Server_0, 3.0417973963282776, 1384.9858103436306, 0.0, 3
35, 164.43713698909963, Server_0, 3.531593941666367, 1356.3945564015166, 0.0, 4
36, 167.57345713510054, Server_0, 3.0417973963282776, 1571.905854791702, 0.0, 3
37, 177.4359802824628, Server_0, 4.0211812311925765, 1233.4571811122742, 0.0, 5
38, 181.03136808387416, Server_0, 3.0417973963282776, 1371.2011811534594, 0.0, 3
39, 184.75978264408155, Server_0, 3.0417973963282776, 1322.2778530630355, 0.0, 3
40, 188.47177687410897, Server_0, 3.0417973963282776, 1328.1270644549438, 0.0, 3
41, 194.88958980776036, Server_0, 3.531593941666367, 1206.7974059183914, 0.0, 4
42, 198.99419748260425, Server_0, 3.0417973963282776, 1201.0892125487976, 0.0, 3
43, 204.75330150575195, Server_0, 3.531593941666367, 1344.8272455004012, 0.0, 4
44, 208.20949410095517, Server_00, 3.0417973963282776, 1426.4251381251865, 0.0, 3
45, 213.77531513656984, Server_00, 3.531593941666367, 1391.528752081886, 0.0, 4
46, 219.50167015391904, Server_00, 3.531593941666367, 1352.518308161981, 0.0, 4
47, 223.15497676779498, Server_00, 3.0417973963282776, 1349.462424334968, 0.0, 3
48, 229.10802112998473, Server_00, 3.531593941666367, 1301.01499817332, 0.0, 4
49, 235.19155774285568, Server_00, 3.531593941666367, 1273.1081429860876, 0.0, 4
50, 239.07275015500818, Server_00, 3.0417973963282776, 1270.2281867200272, 0.0, 3
51, 245.23000032558096, Server_00, 3.531593941666367, 1257.8667076117063, 0.0, 4
52, 249.1560200931525, Server_00, 3.0417973963282776, 1255.724701317403, 0.0, 3
53, 253.41873322273025, Server_0, 3.0417973963282776, 1156.5404122065218, 0.0, 3
54, 260.14708377557974, Server_0, 3.531593941666367, 1151.099357734854, 0.0, 4
55, 264.0818379596664, Server_0, 3.0417973963282776, 1252.9372279311378, 0.0, 3
56, 270.6439338628771, Server_0, 3.531593941666367, 1180.2631528458119, 0.0, 4
57, 274.63094094907154, Server_0, 3.0417973963282776, 1236.5164880370464, 0.0, 3
58, 278.8680125732555, Server_0, 3.0417973963282776, 1163.5394530177434, 0.0, 3
59, 284.6465833068645, Server_0, 3.531593941666367, 1340.2968237377388, 0.0, 4
60, 288.5814459701648, Server_0, 3.0417973963282776, 1252.902686027942, 0.0, 3
61, 294.8647776721526, Server_0, 3.531593941666367, 1232.6263147224495, 0.0, 4
62, 298.7848016458994, Server_0, 3.0417973963282776, 1257.645369777649, 0.0, 3
63, 304.7521928053933, Server_0, 3.531593941666367, 1297.8870989004952, 0.0, 4
64, 309.161296929583, Server_00, 3.0417973963282776, 1118.1409785612705, 0.0, 3
65, 312.8074696266815, Server_0, 3.0417973963282776, 1352.1027141482127, 0.0, 3
66, 318.6922581300628, Server_0, 3.531593941666367, 1316.105072518727, 0.0, 4
67, 324.7246482919102, Server_0, 3.531593941666367, 1283.902365762771, 0.0, 4
68, 328.5452714316765, Server_0, 3.0417973963282776, 1290.3654246049502, 0.0, 3
69, 335.0223126471043, Server_0, 3.531593941666367, 1195.7620373870766, 0.0, 4
70, 339.4503152169286, Server_0, 3.0417973963282776, 1113.3688208757371, 0.0, 3
71, 343.48158631195895, Server_00, 3.0417973963282776, 1222.9393369445056, 0.0, 3
72, 350.185201181472, Server_00, 3.531593941666367, 1155.346801801369, 0.0, 4
73, 354.5569422123998, Server_00, 3.0417973963282776, 1127.6971726190545, 0.0, 3
74, 358.9047324920454, Server_00, 3.0417973963282776, 1133.9093385161734, 0.0, 3
75, 364.9633923581083, Server_00, 3.531593941666367, 1278.335501780353, 0.0, 4
76, 368.5700787086238, Server_00, 3.0417973963282776, 1366.9056637806598, 0.0, 3
77, 374.25047885783874, Server_00, 3.531593941666367, 1363.4602838798899, 0.0, 4
78, 378.06535792932584, Server_00, 3.0417973963282776, 1292.3083294690678, 0.0, 3
79, 384.0819891814299, Server_00, 3.531593941666367, 1287.2651946704448, 0.0, 4
80, 389.3966257115102, Server_00, 3.531593941666367, 1457.2962715632766, 0.0, 4
81, 392.6719999755087, Server_00, 3.0417973963282776, 1505.1715018306181, 0.0, 3
82, 398.1195040273657, Server_00, 3.531593941666367, 1421.7520402504028, 0.0, 4
83, 404.1778601477155, Server_00, 3.531593941666367, 1278.3995932468918, 0.0, 4
84, 409.14545868890184, Server_0, 3.0417973963282776, 992.4312440156682, 0.0, 3
85, 413.1544727873007, Server_00, 3.0417973963282776, 1229.728775952421, 0.0, 3
86, 419.793894987216, Server_00, 3.531593941666367, 1166.5171707409697, 0.0, 4
87, 423.56267426670075, Server_00, 3.0417973963282776, 1308.1158737091105, 0.0, 3
88, 429.622257689731, Server_00, 3.531593941666367, 1278.1406673211434, 0.0, 4
89, 433.3589792672839, Server_00, 3.0417973963282776, 1319.3383284468568, 0.0, 3
90, 439.33137481428463, Server_00, 3.531593941666367, 1296.7995738141437, 0.0, 4
91, 443.3435588770705, Server_00, 3.0417973963282776, 1228.7571863233097, 0.0, 3
92, 449.8054864511587, Server_00, 3.531593941666367, 1198.5587754119747, 0.0, 4
93, 453.89989857452406, Server_00, 3.0417973963282776, 1204.0800611805098, 0.0, 3
94, 460.5556799081372, Server_00, 3.531593941666367, 1163.6500076837024, 0.0, 4
95, 464.6647342139544, Server_00, 3.0417973963282776, 1199.7894486380092, 0.0, 3
96, 468.5879599474078, Server_00, 3.0417973963282776, 1256.6190005234203, 0.0, 3
97, 474.64069361481506, Server_00, 3.531593941666367, 1279.5871131262954, 0.0, 4
98, 478.57526054265014, Server_00, 3.0417973963282776, 1252.9968584655999, 0.0, 3
99, 485.1227127938691, Server_00, 3.531593941666367, 1182.9028609652112, 0.0, 4
100, 489.1822277567423, Server_00, 3.0417973963282776, 1214.4307990210452, 0.0, 3
101, 492.98355392772356, Server_00, 3.0417973963282776, 1296.915807339778, 0.0, 3
102, 498.8536948182323, Server_00, 3.531593941666367, 1319.3891159448374, 0.0, 4
103, 505.2154708016634, Server_00, 3.531593941666367, 1217.4273379275637, 0.0, 4
104, 509.4673244865857, Server_00, 3.0417973963282776, 1159.4942736346961, 0.0, 3
105, 513.6436224904389, Server_00, 3.0417973963282776, 1180.4713158523136, 0.0, 3
106, 519.6280352558402, Server_00, 3.531593941666367, 1294.1954881149677, 0.0, 4
107, 523.3440151321289, Server_00, 3.0417973963282776, 1326.7025560224101, 0.0, 3
108, 529.4758217675283, Server_00, 3.531593941666367, 1263.0861441858851, 0.0, 4
109, 533.861707006776, Server_00, 3.0417973963282776, 1124.060419065046, 0.0, 3
110, 540.4239435928893, Server_00, 3.531593941666367, 1180.237850063139, 0.0, 4
111, 544.7115592579469, Server_00, 3.0417973963282776, 1149.8232083107555, 0.0, 3
112, 549.0826567697394, Server_00, 3.0417973963282776, 1127.8631937859182, 0.0, 3
113, 555.7502441006825, Server_00, 3.531593941666367, 1161.5895848947978, 0.0, 4
114, 560.0126916058372, Server_00, 3.0417973963282776, 1156.612484737473, 0.0, 3
115, 564.1863294931336, Server_00, 3.0417973963282776, 1181.2237029488751, 0.0, 3
116, 568.4732931037598, Server_00, 3.0417973963282776, 1149.9980983696375, 0.0, 3
117, 575.2377285685477, Server_00, 3.531593941666367, 1144.9588129440258, 0.0, 4
118, 579.4907735391681, Server_00, 3.0417973963282776, 1159.1694971616635, 0.0, 3
119, 583.8861439379856, Server_00, 3.0417973963282776, 1121.6347094038672, 0.0, 3
120, 590.170538695315, Server_00, 3.531593941666367, 1232.4178061804712, 0.0, 4
121, 593.8865185716037, Server_00, 3.0417973963282776, 1326.7025560224101, 0.0, 3
122, 599.8335938705727, Server_00, 3.531593941666367, 1302.3208233705498, 0.0, 4
123, 603.5495737468614, Server_00, 3.0417973963282776, 1326.7025560224101, 0.0, 3
124, 609.5814043754486, Server_00, 3.531593941666367, 1284.0214649418915, 0.0, 4
125, 613.4855737874998, Server_00, 3.0417973963282776, 1262.7525805571818, 0.0, 3
126, 619.5671500469961, Server_00, 3.531593941666367, 1273.5185204504046, 0.0, 4
127, 623.7092692282829, Server_00, 3.0417973963282776, 1190.2120108645447, 0.0, 3
128, 629.7899736591819, Server_00, 3.531593941666367, 1273.701112759881, 0.0, 4
129, 633.4170111749835, Server_00, 3.0417973963282776, 1359.2360096971456, 0.0, 3
130, 639.380667132262, Server_00, 3.531593941666367, 1298.7000013888041, 0.0, 4
131, 643.6180542529437, Server_00, 3.0417973963282776, 1163.4528211826255, 0.0, 3
132, 650.0463343096574, Server_00, 3.531593941666367, 1204.8323862167683, 0.0, 4
133, 653.6745396748123, Server_00, 3.0417973963282776, 1358.7984978324034, 0.0, 3
134, 659.7131084837229, Server_00, 3.531593941666367, 1282.5886803792687, 0.0, 4
135, 663.6476754115579, Server_00, 3.0417973963282776, 1252.996858465618, 0.0, 3
136, 669.8288561125888, Server_00, 3.531593941666367, 1252.996858465606, 0.0, 4
137, 673.7634230404238, Server_00, 3.0417973963282776, 1252.996858465618, 0.0, 3
138, 680.0528233289051, Server_00, 3.531593941666367, 1231.4369645361262, 0.0, 4
139, 684.1713845036813, Server_00, 3.0417973963282776, 1197.0199763435235, 0.0, 3
140, 688.313328169621, Server_0, 3.0417973963282776, 1190.2624462376943, 0.0, 3
141, 695.6423981495498, Server_0, 3.531593941666367, 1056.7507229717053, 0.0, 4
142, 699.8164884014495, Server_0, 3.0417973963282776, 1181.0956885170822, 0.0, 3
143, 704.5832762212588, Server_00, 3.0417973963282776, 1034.2394472673022, 0.0, 3
144, 708.8216201057737, Server_00, 3.0417973963282776, 1163.1901833194906, 0.0, 3
145, 714.7644962177237, Server_00, 3.531593941666367, 1303.2410324735308, 0.0, 4
146, 718.0944315875001, Server_00, 3.0417973963282776, 1480.509214907378, 0.0, 3
147, 723.4881175782734, Server_00, 3.531593941666367, 1435.9382458024036, 0.0, 4
148, 729.2756551887724, Server_00, 3.531593941666367, 1338.2202451609332, 0.0, 4
149, 733.0338383621516, Server_00, 3.0417973963282776, 1311.804074618068, 0.0, 3
150, 739.043319599265, Server_00, 3.531593941666367, 1288.7967687074854, 0.0, 4
151, 745.0797595206806, Server_00, 3.531593941666367, 1283.0410143771976, 0.0, 4
152, 749.3765172604968, Server_00, 3.0417973963282776, 1147.3767660475132, 0.0, 3
153, 753.3955204324883, Server_00, 3.0417973963282776, 1226.6723336665389, 0.0, 3
154, 759.3110515305109, Server_00, 3.531593941666367, 1309.2653680054095, 0.0, 4
155, 763.0371496717504, Server_00, 3.0417973963282776, 1323.099879049351, 0.0, 3
156, 770.1837452925319, Server_00, 3.531593941666367, 1083.7327884452363, 0.0, 4
157, 774.3047102542116, Server_00, 3.0417973963282776, 1196.3217464461202, 0.0, 3
158, 778.0017053686809, Server_00, 3.0417973963282776, 1333.5154219449837, 0.0, 3
159, 783.9060500923522, Server_00, 3.531593941666367, 1311.7459028009037, 0.0, 4
160, 791.1081425229391, Server_00, 3.531593941666367, 1075.3819219408151, 0.0, 4
161, 795.5457402502398, Server_00, 3.0417973963282776, 1110.961448729359, 0.0, 3
162, 801.0289879146832, Server_0, 3.0417973963282776, 899.102193024949, 0.0, 3
163, 803.3575463428543, Server_00, 2.5526430912103453, 1348.4737861897406, 0.0, 2
164, 810.4448049166989, Server_00, 3.531593941666367, 1092.8061844085696, 0.0, 4
165, 814.6805907829079, Server_00, 3.0417973963282776, 1163.892641346469, 0.0, 3
166, 818.5411837573538, Server_00, 3.0417973963282776, 1277.0058984805466, 0.0, 3
167, 825.1650419017399, Server_00, 3.531593941666367, 1169.2581319188012, 0.0, 4
168, 829.2687672566805, Server_00, 3.0417973963282776, 1201.347452276413, 0.0, 3
169, 833.3900841325402, Server_00, 3.0417973963282776, 1196.2195940033253, 0.0, 3
170, 840.0466390790357, Server_00, 3.531593941666367, 1163.5147703659482, 0.0, 4
171, 843.9807960762299, Server_00, 3.0417973963282776, 1253.127418025254, 0.0, 3
172, 850.2160779714872, Server_00, 3.531593941666367, 1242.125076316295, 0.0, 4
173, 854.4489306430621, Server_00, 3.0417973963282776, 1164.6991715791623, 0.0, 3
174, 858.7469938965546, Server_00, 3.0417973963282776, 1147.0282565046018, 0.0, 3
175, 865.529970685797, Server_00, 3.531593941666367, 1141.829058339596, 0.0, 4
176, 869.6046797211412, Server_00, 3.0417973963282776, 1209.9023408142693, 0.0, 3
177, 873.7361929520522, Server_00, 3.0417973963282776, 1193.2673876280849, 0.0, 3
178, 879.7737700383288, Server_00, 3.531593941666367, 1282.7993563186626, 0.0, 4
179, 883.6005914321576, Server_00, 3.0417973963282776, 1288.2754360969975, 0.0, 3
180, 889.9137570450293, Server_00, 3.531593941666367, 1226.8013346915654, 0.0, 4
181, 894.2192725059251, Server_00, 3.0417973963282776, 1145.0429210569591, 0.0, 3
182, 899.4174023116769, Server_0, 3.0417973963282776, 948.4180242180315, 0.0, 3
183, 901.9504978103158, Server_00, 2.5526430912103453, 1239.5900595485734, 0.0, 2
184, 908.5387779860973, Server_00, 3.531593941666367, 1175.5723486791883, 0.0, 4
185, 915.0458883058379, Server_00, 3.531593941666367, 1190.236467407662, 0.0, 4
186, 918.980455233673, Server_00, 3.0417973963282776, 1252.996858465618, 0.0, 3
187, 925.1616359347039, Server_00, 3.531593941666367, 1252.996858465606, 0.0, 4
188, 929.1389178172551, Server_00, 3.0417973963282776, 1239.54000384747, 0.0, 3
189, 933.3061874578306, Server_00, 3.0417973963282776, 1183.0287994801363, 0.0, 3
190, 940.4611316609609, Server_00, 3.531593941666367, 1082.4682597261276, 0.0, 4
191, 944.8503332240339, Server_00, 3.0417973963282776, 1123.2111191877812, 0.0, 3
192, 948.6083916607018, Server_00, 3.0417973963282776, 1311.8476157521172, 0.0, 3
193, 954.3542343057056, Server_00, 3.531593941666367, 1347.9311005383252, 0.0, 4
194, 958.1064306865608, Server_00, 3.0417973963282776, 1313.8971150748873, 0.0, 3
195, 964.4294216247501, Server_00, 3.531593941666367, 1224.8950023353698, 0.0, 4
196, 968.4732820783584, Server_00, 3.0417973963282776, 1219.1320785070916, 0.0, 3
197, 974.8944599284058, Server_00, 3.531593941666367, 1206.1650028807035, 0.0, 4
198, 979.1341495806021, Server_00, 3.0417973963282776, 1162.8209620121936, 0.0, 3
199, 983.2873035599835, Server_00, 3.0417973963282776, 1187.0496553884875, 0.0, 3
200, 989.9847191174591, Server_00, 3.531593941666367, 1156.4162225763368, 0.0, 4
201, 994.4657536741602, Server_00, 3.0417973963282776, 1100.1923635307742, 0.0, 3
202, 998.9467882308612, Server_00, 3.0417973963282776, 1100.1923635307742, 0.0, 3
203, 1005.4335377036115, Server_00, 3.531593941666367, 1193.9724252548115, 0.0, 4
204, 1009.5402292968123, Server_00, 3.0417973963282776, 1200.4797263476703, 0.0, 3
205, 1013.5840897504205, Server_00, 3.0417973963282776, 1219.1320785070916, 0.0, 3
206, 1019.9978974384039, Server_00, 3.531593941666367, 1207.5510175508741, 0.0, 4
207, 1024.2139158726568, Server_00, 3.0417973963282776, 1169.34972578545, 0.0, 3
208, 1028.543098792947, Server_00, 3.0417973963282776, 1138.7830199768073, 0.0, 3
209, 1035.1950030198884, Server_00, 3.531593941666367, 1164.3282488390698, 0.0, 4
210, 1039.44975464271, Server_00, 3.0417973963282776, 1158.7045348443862, 0.0, 3
211, 1043.818810574921, Server_00, 3.0417973963282776, 1128.3902235385988, 0.0, 3
212, 1050.5062550314108, Server_00, 3.531593941666367, 1158.1404601400218, 0.0, 4
213, 1054.3909399484946, Server_00, 3.0417973963282776, 1269.0861949495852, 0.0, 3
214, 1058.3960696645845, Server_00, 3.0417973963282776, 1230.9214306329795, 0.0, 3
215, 1065.7070722699227, Server_00, 3.531593941666367, 1059.3622267819867, 0.0, 4
216, 1069.9108137506792, Server_00, 3.0417973963282776, 1172.7647912147252, 0.0, 3
217, 1073.5831341074618, Server_00, 3.0417973963282776, 1342.475470827184, 0.0, 3
218, 1079.3107926460511, Server_00, 3.531593941666367, 1352.2104971549986, 0.0, 4
219, 1083.7472551950411, Server_00, 3.0417973963282776, 1111.2457156033843, 0.0, 3
220, 1090.986703023475, Server_00, 3.531593941666367, 1069.8329739431938, 0.0, 4
221, 1094.9806055210138, Server_00, 3.0417973963282776, 1234.381661304471, 0.0, 3
222, 1098.7678112708927, Server_00, 3.0417973963282776, 1301.7512978157085, 0.0, 3
223, 1106.1659822000067, Server_00, 3.531593941666367, 1046.880380868343, 0.0, 4
224, 1110.9190270456797, Server_00, 3.0417973963282776, 1037.229851615663, 0.0, 3
225, 1115.0452969596925, Server_00, 3.0417973963282776, 1194.7836915025464, 0.0, 3
226, 1119.9127516574458, Server_0, 3.0417973963282776, 1012.849693757909, 0.0, 3
227, 1124.5924507329344, Server_00, 3.0417973963282776, 1053.4865427186312, 0.0, 3
228, 1128.2157362761204, Server_0, 3.0417973963282776, 1360.6435212569286, 0.0, 3
229, 1135.0568485864226, Server_0, 3.531593941666367, 1132.1258369544187, 0.0, 4
230, 1140.3628571437046, Server_0, 3.0417973963282776, 929.1353277661136, 0.0, 3
231, 1142.8055178553898, Server_0, 2.5526430912103453, 1285.4834832274664, 0.0, 2
232, 1147.924704865068, Server_0, 3.531593941666367, 1512.9355472573186, 0.0, 4
233, 1153.5130163867013, Server_0, 3.531593941666367, 1385.9284633681702, 0.0, 4
234, 1159.8623948161835, Server_0, 3.531593941666367, 1219.8044400751942, 0.0, 4
235, 1164.1110869988997, Server_0, 3.0417973963282776, 1160.357067065327, 0.0, 3
236, 1171.3165649858697, Server_0, 3.531593941666367, 1074.8766444093872, 0.0, 4
237, 1175.6539198221549, Server_0, 3.0417973963282776, 1136.6374636349626, 0.0, 3
238, 1180.0150480499115, Server_00, 3.0417973963282776, 1130.441423075527, 0.0, 3
239, 1184.2776224075008, Server_0, 3.0417973963282776, 1156.5780644324434, 0.0, 3
240, 1188.61846754012, Server_00, 3.0417973963282776, 1135.7235398594428, 0.0, 3
241, 1195.302474601633, Server_00, 3.531593941666367, 1158.7360588824342, 0.0, 4
242, 1199.6742156325608, Server_00, 3.0417973963282776, 1127.6971726190693, 0.0, 3
243, 1204.2663134188379, Server_00, 3.0417973963282776, 1073.583409903155, 0.0, 3
244, 1208.5512852040831, Server_00, 3.0417973963282776, 1150.5326632431534, 0.0, 3
245, 1214.9339992574244, Server_00, 3.531593941666367, 1213.4336483310892, 0.0, 4
246, 1219.2776056530215, Server_00, 3.0417973963282776, 1135.0015519355663, 0.0, 3
247, 1223.430759632403, Server_00, 3.0417973963282776, 1187.0496553884875, 0.0, 3
248, 1229.8827023542033, Server_00, 3.531593941666367, 1200.4136325994539, 0.0, 4
249, 1233.814307576036, Server_00, 3.0417973963282776, 1253.9407498552923, 0.0, 3
250, 1240.9613200290196, Server_00, 3.531593941666367, 1083.6695823535124, 0.0, 4
251, 1245.394165135689, Server_00, 3.0417973963282776, 1112.1525524504698, 0.0, 3
252, 1249.4525559516646, Server_00, 3.0417973963282776, 1214.7671881656559, 0.0, 3
253, 1256.1806313441687, Server_0, 3.0417973963282776, 732.7504096480071, 0.0, 3
254, 1259.0901757446004, Server_00, 2.5526430912103453, 1079.2067649952555, 0.0, 2
255, 1265.9660536364347, Server_00, 3.531593941666367, 1126.4016205403896, 0.0, 4
256, 1270.4240555140882, Server_00, 3.0417973963282776, 1105.8766091401815, 0.0, 3
257, 1274.6807246627436, Server_00, 3.0417973963282776, 1158.1825666571408, 0.0, 3
258, 1280.3643158871594, Server_0, 3.0417973963282776, 867.409320153348, 0.0, 3
259, 1283.1475459587273, Server_00, 2.5526430912103453, 1128.1855682994624, 0.0, 2
260, 1290.377023252336, Server_00, 3.531593941666367, 1071.3084342691186, 0.0, 4
261, 1294.936498250491, Server_00, 3.0417973963282776, 1081.2648390428315, 0.0, 3
262, 1299.3371906797597, Server_00, 3.0417973963282776, 1120.2782469438014, 0.0, 3
263, 1303.5360800816788, Server_00, 3.0417973963282776, 1174.1199941457635, 0.0, 3
264, 1310.497185166439, Server_00, 3.531593941666367, 1112.6106998378666, 0.0, 4
265, 1315.0401528363743, Server_00, 3.0417973963282776, 1085.1937231748482, 0.0, 3
266, 1319.67089469106, Server_00, 3.0417973963282776, 1064.6242340223348, 0.0, 3
267, 1324.326872165687, Server_00, 3.0417973963282776, 1058.8539199053953, 0.0, 3
268, 1328.713794027313, Server_00, 3.0417973963282776, 1123.7948054476478, 0.0, 3
269, 1335.5279393954904, Server_00, 3.531593941666367, 1136.606218612504, 0.0, 4
270, 1339.9597544254607, Server_00, 3.0417973963282776, 1112.411047541638, 0.0, 3
271, 1344.4572661304544, Server_00, 3.0417973963282776, 1096.161683031549, 0.0, 3
272, 1350.2935082681495, Server_0, 3.0417973963282776, 844.7216348612662, 0.0, 3
273, 1352.54724341352, Server_00, 2.5526430912103453, 1393.2426826861526, 0.0, 2
274, 1359.5586047968675, Server_00, 3.531593941666367, 1104.6356872140257, 0.0, 4
275, 1364.4768134566614, Server_00, 3.0417973963282776, 1002.3974867724712, 0.0, 3
276, 1369.2741690521827, Server_00, 3.0417973963282776, 1027.649483520143, 0.0, 3
277, 1375.4921533707209, Server_0, 3.0417973963282776, 792.8614398884591, 0.0, 3
278, 1377.436233160722, Server_00, 2.5526430912103453, 1615.160044433296, 0.0, 2
279, 1388.5386892317638, Server_00, 4.0211812311925765, 1095.7035021943977, 0.0, 5
280, 1393.0950813954446, Server_00, 3.0417973963282776, 1081.9964179767562, 0.0, 3
281, 1397.3980244508043, Server_00, 3.0417973963282776, 1145.7274559697512, 0.0, 3
282, 1400.586792511869, Server_00, 3.0417973963282776, 1546.0516116540896, 0.0, 3
283, 1405.8402535696198, Server_0, 3.0417973963282776, 938.4289606042377, 0.0, 3
284, 1408.3414756504183, Server_00, 2.5526430912103453, 1255.3863265902446, 0.0, 2
285, 1413.492459567944, Server_00, 3.531593941666367, 1503.5962301587329, 0.0, 4
286, 1418.9766625233765, Server_00, 3.531593941666367, 1412.2380340297336, 0.0, 4
287, 1425.4053714709396, Server_00, 3.531593941666367, 1204.7520059118324, 0.0, 4
288, 1429.558525450321, Server_00, 3.0417973963282776, 1187.0496553884875, 0.0, 3
289, 1433.7116794297024, Server_00, 3.0417973963282776, 1187.0496553884875, 0.0, 3
290, 1440.2483399266305, Server_00, 3.531593941666367, 1184.8557843320377, 0.0, 4
291, 1444.6852992970937, Server_00, 3.0417973963282776, 1111.121285630636, 0.0, 3
292, 1449.1663338537946, Server_00, 3.0417973963282776, 1100.1923635308021, 0.0, 3
293, 1453.7229484857098, Server_00, 3.0417973963282776, 1081.9435915140978, 0.0, 3
294, 1460.934325970246, Server_00, 3.531593941666367, 1073.997307256231, 0.0, 4
295, 1465.4752375411476, Server_00, 3.0417973963282776, 1085.6850927447238, 0.0, 3
296, 1469.8977974002655, Server_00, 3.0417973963282776, 1114.7390102218608, 0.0, 3
297, 1474.2023804586183, Server_00, 3.0417973963282776, 1145.2909452945953, 0.0, 3
298, 1478.2836928043087, Server_00, 3.0417973963282776, 1207.944793837172, 0.0, 3
299, 1484.863504746025, Server_00, 3.531593941666367, 1177.0853131677372, 0.0, 4
300, 1489.344539302726, Server_00, 3.0417973963282776, 1100.1923635308021, 0.0, 3
301, 1493.7805049601875, Server_00, 3.0417973963282776, 1111.3701909994363, 0.0, 3
302, 1500.0841135117892, Server_00, 3.531593941666367, 1228.661319401267, 0.0, 4
303, 1504.4292186777311, Server_00, 3.0417973963282776, 1134.6100523970272, 0.0, 3
304, 1508.8503753746766, Server_00, 3.0417973963282776, 1115.092799901463, 0.0, 3
305, 1515.8055695089806, Server_00, 3.531593941666367, 1113.5562646340084, 0.0, 4
306, 1520.0361288759118, Server_00, 3.0417973963282776, 1165.3305325381111, 0.0, 3
307, 1523.81064004076, Server_00, 3.0417973963282776, 1306.129399195508, 0.0, 3
308, 1529.4767223500385, Server_00, 3.531593941666367, 1366.9056637806498, 0.0, 4
309, 1533.1100138422341, Server_00, 3.0417973963282776, 1356.8963598405662, 0.0, 3
310, 1539.1574449179539, Server_00, 3.531593941666367, 1280.709098297289, 0.0, 4
311, 1544.0306966223206, Server_00, 3.0417973963282776, 1011.6448521594638, 0.0, 3
312, 1551.7294894364989, Server_00, 3.531593941666367, 1006.0018741817157, 0.0, 4
313, 1556.0716469087095, Server_00, 3.0417973963282776, 1135.380287691438, 0.0, 3
314, 1559.72906102631, Server_00, 3.0417973963282776, 1347.9468940296574, 0.0, 3
315, 1563.4042997105516, Server_00, 3.0417973963282776, 1341.4094766520975, 0.0, 3
316, 1569.2684730759208, Server_00, 3.531593941666367, 1320.73175833068, 0.0, 4
317, 1572.9844529522095, Server_00, 3.0417973963282776, 1326.7025560224101, 0.0, 3
318, 1579.267559349111, Server_00, 3.531593941666367, 1232.670515307427, 0.0, 4
319, 1583.9642784090545, Server_00, 3.0417973963282776, 1049.6689150616019, 0.0, 3
320, 1591.1062376727261, Server_00, 3.531593941666367, 1084.4363169915825, 0.0, 4
321, 1595.7158100677266, Server_00, 3.0417973963282776, 1069.5135204617018, 0.0, 3
322, 1600.2733391807037, Server_00, 3.0417973963282776, 1081.726496482993, 0.0, 3
323, 1604.323381115135, Server_00, 3.0417973963282776, 1217.2713467699919, 0.0, 3
324, 1608.0743396966968, Server_00, 3.0417973963282776, 1314.3306951544967, 0.0, 3
325, 1614.7640863874542, Server_00, 3.531593941666367, 1157.74189338149, 0.0, 4
326, 1619.5636915715204, Server_00, 3.0417973963282776, 1027.1678212963625, 0.0, 3
327, 1624.0787418302873, Server_00, 3.0417973963282776, 1091.9036815653124, 0.0, 3
328, 1630.1834227197487, Server_00, 3.531593941666367, 1268.6985839620706, 0.0, 4
329, 1634.2631828720152, Server_00, 3.0417973963282776, 1208.4043708454521, 0.0, 3
330, 1639.1542999569633, Server_00, 3.0417973963282776, 1007.9497003192981, 0.0, 3
331, 1643.8264484888143, Server_00, 3.0417973963282776, 1055.1890562534913, 0.0, 3
332, 1650.272527491677, Server_00, 3.531593941666367, 1201.505596900141, 0.0, 4
333, 1654.0227775030035, Server_00, 3.0417973963282776, 1314.5790240945257, 0.0, 3
334, 1660.5794373473593, Server_00, 3.531593941666367, 1181.241696817182, 0.0, 4
335, 1664.7325913267407, Server_00, 3.0417973963282776, 1187.0496553884875, 0.0, 3
336, 1668.8624220331758, Server_00, 3.0417973963282776, 1193.75353384779, 0.0, 3
337, 1676.3011473590382, Server_00, 3.531593941666367, 1041.1730048793158, 0.0, 4
338, 1681.3791948709381, Server_00, 3.0417973963282776, 970.8455835529245, 0.0, 3
339, 1683.8131242285388, Server_00, 2.5526430912103453, 1290.0949611353676, 0.0, 2
340, 1690.2938568094837, Server_00, 3.531593941666367, 1195.0809423570902, 0.0, 4
341, 1694.5698142782096, Server_00, 3.0417973963282776, 1152.9581470484068, 0.0, 3
342, 1698.8322617833642, Server_00, 3.0417973963282776, 1156.6124847375038, 0.0, 3
343, 1705.5442919262018, Server_00, 3.531593941666367, 1153.8982744683626, 0.0, 4
344, 1709.9661586176367, Server_00, 3.0417973963282776, 1114.9137556655453, 0.0, 3
345, 1714.6399330708036, Server_00, 3.0417973963282776, 1054.8219751296322, 0.0, 3
346, 1719.3381413676511, Server_00, 3.0417973963282776, 1049.3361912684961, 0.0, 3
347, 1723.604028125013, Server_00, 3.0417973963282776, 1155.6799981837464, 0.0, 3
348, 1730.6277073092913, Server_00, 3.531593941666367, 1102.6984286720108, 0.0, 4
349, 1734.770568452693, Server_00, 3.0417973963282776, 1189.9988508791844, 0.0, 3
350, 1738.6932535590643, Server_00, 3.0417973963282776, 1256.7921885936184, 0.0, 3
351, 1745.1936065678503, Server_00, 3.531593941666367, 1191.4737537379306, 0.0, 4
352, 1749.6115178557536, Server_00, 3.0417973963282776, 1115.9119499522035, 0.0, 3
353, 1757.0258315264653, Server_0, 3.0417973963282776, 664.9300554243765, 0.0, 3
354, 1759.2795710766939, Server_00, 2.5526430912103453, 1393.2399596401913, 0.0, 2
355, 1763.1363596186823, Server_0, 3.0417973963282776, 1278.2655689643505, 0.0, 3
356, 1770.3337767434618, Server_0, 3.531593941666367, 1076.0804696639273, 0.0, 4
357, 1775.9528536774328, Server_0, 3.0417973963282776, 877.3683040705396, 0.0, 3
358, 1779.5770341014838, Server_0, 2.5526430912103453, 866.4027814846442, 0.0, 2
359, 1782.669579855931, Server_0, 2.5526430912103453, 1015.3447189858251, 0.0, 2
360, 1790.711230386173, Server_0, 3.531593941666367, 963.1107408701367, 0.0, 4
361, 1794.8686468667822, Server_0, 2.5526430912103453, 755.2767481067498, 0.0, 2
362, 1797.4866093394487, Server_00, 2.5526430912103453, 1199.4060391560201, 0.0, 2
363, 1804.7705795223637, Server_00, 3.531593941666367, 1063.2937540252904, 0.0, 4
364, 1809.0522801767338, Server_00, 3.0417973963282776, 1151.4116464373217, 0.0, 3
365, 1816.3878938238802, Server_00, 3.531593941666367, 1055.8080581319712, 0.0, 4
366, 1820.8453611461744, Server_00, 3.0417973963282776, 1106.009229802411, 0.0, 3
367, 1824.899846537878, Server_00, 3.0417973963282776, 1215.937295048083, 0.0, 3
368, 1829.248548536933, Server_00, 3.0417973963282776, 1133.6716107636892, 0.0, 3
369, 1833.9371925883163, Server_0, 3.0417973963282776, 1051.4767054124006, 0.0, 3
370, 1841.5205640096526, Server_0, 3.531593941666367, 1021.3135516755679, 0.0, 4
371, 1846.5079857310116, Server_0, 3.0417973963282776, 988.4866922095179, 0.0, 3
372, 1851.539104675293, Server_0, 3.0417973963282776, 979.9013012013312, 0.0, 3
373, 1854.464647743669, Server_00, 2.5526430912103453, 1073.3049989733836, 0.0, 2
374, 1859.7395073562475, Server_0, 3.0417973963282776, 934.6220301757253, 0.0, 3
375, 1862.6401339083175, Server_0, 2.5526430912103453, 1082.5247385807716, 0.0, 2
376, 1870.5774616305705, Server_0, 3.531593941666367, 975.7692098672175, 0.0, 4
377, 1874.3041930130457, Server_0, 2.5526430912103453, 842.5613970370092, 0.0, 2
378, 1877.2570816719972, Server_00, 2.5526430912103453, 1063.3655253073412, 0.0, 2
379, 1884.6391504298242, Server_00, 3.531593941666367, 1049.163893493699, 0.0, 4
380, 1889.3377415661848, Server_00, 3.0417973963282776, 1049.250691733655, 0.0, 3
381, 1893.97345239581, Server_00, 3.0417973963282776, 1063.4830732957146, 0.0, 3
382, 1902.072400168855, Server_00, 3.531593941666367, 956.2970668581174, 0.0, 4
383, 1904.9264465193705, Server_00, 2.5526430912103453, 1100.1923635307467, 0.0, 2
384, 1909.4074810760715, Server_00, 3.0417973963282776, 1100.1923635308021, 0.0, 3
385, 1913.8885156327724, Server_00, 3.0417973963282776, 1100.1923635308021, 0.0, 3
386, 1920.928193653391, Server_00, 3.531593941666367, 1100.1923635307767, 0.0, 4
387, 1925.409228210092, Server_00, 3.0417973963282776, 1100.1923635308021, 0.0, 3
388, 1929.986760731397, Server_00, 3.0417973963282776, 1076.9994482954337, 0.0, 3
389, 1934.8689865914077, Server_00, 3.0417973963282776, 1009.7853195159524, 0.0, 3
390, 1939.7871952512016, Server_00, 3.0417973963282776, 1002.3974867724712, 0.0, 3
391, 1944.7054039109955, Server_00, 3.0417973963282776, 1002.3974867724712, 0.0, 3
392, 1949.6236125707894, Server_00, 3.0417973963282776, 1002.3974867724712, 0.0, 3
393, 1954.593422834372, Server_00, 3.0417973963282776, 991.9895807946131, 0.0, 3
394, 1959.5972123220347, Server_00, 3.0417973963282776, 985.2532789709325, 0.0, 3
395, 1962.5544040476855, Server_00, 2.5526430912103453, 1061.8182016280994, 0.0, 2
396, 1969.9374809961391, Server_00, 3.531593941666367, 1049.0206256921294, 0.0, 4
397, 1974.754840468136, Server_00, 3.0417973963282776, 1023.3822135669596, 0.0, 3
398, 1979.8680091077279, Server_00, 3.0417973963282776, 964.1770783436549, 0.0, 3
399, 1982.8728864128811, Server_00, 2.5526430912103453, 1044.9677910692, 0.0, 2
400, 1989.7408649695822, Server_00, 3.531593941666367, 1127.6971726190498, 0.0, 4
401, 1994.2035042935875, Server_00, 3.0417973963282776, 1104.7274139948288, 0.0, 3
402, 1998.7938323760616, Server_00, 3.0417973963282776, 1073.9973072562618, 0.0, 3
403, 2006.0454463822198, Server_00, 3.531593941666367, 1068.0380937847492, 0.0, 4
404, 2010.8677213888627, Server_00, 3.0417973963282776, 1022.3390398118447, 0.0, 3
405, 2015.7859300486566, Server_00, 3.0417973963282776, 1002.3974867724712, 0.0, 3
406, 2020.7041387084505, Server_00, 3.0417973963282776, 1002.3974867724712, 0.0, 3
407, 2025.6223473682444, Server_00, 3.0417973963282776, 1002.3974867724712, 0.0, 3
408, 2030.6000773562755, Server_00, 3.0417973963282776, 990.411294275527, 0.0, 3
409, 2035.0862646026906, Server_00, 3.0417973963282776, 1098.9287181313257, 0.0, 3
410, 2039.357149764644, Server_00, 3.0417973963282776, 1154.3274550948438, 0.0, 3
411, 2043.6829137356224, Server_00, 3.0417973963282776, 1139.6830786597259, 0.0, 3
412, 2051.213346099126, Server_00, 3.531593941666367, 1028.4934019906293, 0.0, 4
413, 2055.005957173172, Server_00, 3.0417973963282776, 1299.896009305312, 0.0, 3
414, 2060.39451279261, Server_0, 3.0417973963282776, 914.901941851797, 0.0, 3
415, 2063.5779441058557, Server_00, 2.5526430912103453, 986.3570754408593, 0.0, 2
416, 2070.95819009118, Server_00, 3.531593941666367, 1049.423015899635, 0.0, 4
417, 2075.0078708498922, Server_00, 3.0417973963282776, 1217.379910600044, 0.0, 3
418, 2079.965257777428, Server_0, 3.0417973963282776, 994.475531578176, 0.0, 3
419, 2084.856238462805, Server_00, 3.0417973963282776, 1007.9778100003487, 0.0, 3
420, 2090.627399345545, Server_0, 3.0417973963282776, 854.2475422482206, 0.0, 3
421, 2092.4878767553864, Server_00, 2.5526430912103453, 1687.7388477766967, 0.0, 2
422, 2103.4519403278514, Server_00, 4.0211812311925765, 1109.5338803535446, 0.0, 5
423, 2108.226578676884, Server_00, 3.0417973963282776, 1032.5389358544658, 0.0, 3
424, 2112.175668918726, Server_00, 3.0417973963282776, 1248.3887928832148, 0.0, 3
425, 2117.794217199047, Server_0, 3.0417973963282776, 877.4508563479264, 0.0, 3
426, 2120.7516981072645, Server_00, 2.5526430912103453, 1061.714377014412, 0.0, 2
427, 2126.685321106383, Server_0, 3.0417973963282776, 830.858313838328, 0.0, 3
428, 2130.7720119997734, Server_0, 2.5526430912103453, 768.3478104689776, 0.0, 2
429, 2133.36621744874, Server_00, 2.5526430912103453, 1210.3898714926245, 0.0, 2
430, 2141.1188031782376, Server_00, 3.531593941666367, 999.0215226554886, 0.0, 4
431, 2145.504655963834, Server_00, 3.0417973963282776, 1124.0687366868851, 0.0, 3
432, 2150.876140975151, Server_0, 3.0417973963282776, 917.8095051206851, 0.0, 3
433, 2153.733748860196, Server_0, 2.5526430912103453, 1098.821156125979, 0.0, 2
434, 2162.764472358232, Server_0, 3.531593941666367, 857.6278524842897, 0.0, 4
435, 2166.534131838575, Server_0, 2.5526430912103453, 832.9664831462219, 0.0, 2
436, 2169.883257344126, Server_00, 2.5526430912103453, 937.5581759464116, 0.0, 2
437, 2173.0379526344955, Server_0, 2.5526430912103453, 995.3417718616417, 0.0, 2
438, 2181.876498653941, Server_0, 3.531593941666367, 876.2753492441486, 0.0, 4
439, 2184.6438253429374, Server_0, 2.5526430912103453, 1134.6690697868603, 0.0, 2
440, 2189.0166476512654, Server_0, 3.0417973963282776, 1127.4183244562175, 0.0, 3
441, 2197.065808942524, Server_0, 3.531593941666367, 962.2120516346115, 0.0, 4
442, 2200.883407712821, Server_0, 2.5526430912103453, 822.5065516133385, 0.0, 2
443, 2203.9143501887647, Server_00, 2.5526430912103453, 1035.981390251273, 0.0, 2
444, 2211.339254897051, Server_00, 3.531593941666367, 1043.1110302811728, 0.0, 4
445, 2215.0240763582538, Server_00, 3.0417973963282776, 1337.9209961480153, 0.0, 3
446, 2218.9884868286936, Server_00, 3.0417973963282776, 1243.5644686038427, 0.0, 3
447, 2225.935856995477, Server_00, 3.531593941666367, 1114.810325931695, 0.0, 4
448, 2230.198304500632, Server_00, 3.0417973963282776, 1156.6124847374422, 0.0, 3
449, 2234.4607520057866, Server_00, 3.0417973963282776, 1156.6124847374422, 0.0, 3
450, 2239.1522090416247, Server_00, 3.0417973963282776, 1050.8462429346969, 0.0, 3
451, 2244.000858095211, Server_00, 3.0417973963282776, 1016.7780644700911, 0.0, 3
452, 2251.310093565205, Server_00, 3.531593941666367, 1059.6183461039939, 0.0, 4
453, 2256.2500003183786, Server_00, 3.0417973963282776, 997.9945465231341, 0.0, 3
454, 2260.7857320127787, Server_00, 3.0417973963282776, 1086.9249620930443, 0.0, 3
455, 2265.0753014486627, Server_00, 3.0417973963282776, 1149.2994981637391, 0.0, 3
456, 2269.441560692569, Server_00, 3.0417973963282776, 1129.112983128612, 0.0, 3
457, 2273.9214155864297, Server_00, 3.0417973963282776, 1100.4820729252297, 0.0, 3
458, 2281.5625238090097, Server_00, 3.531593941666367, 1013.5964279517734, 0.0, 4
459, 2286.1157763179312, Server_00, 3.0417973963282776, 1082.7424989807282, 0.0, 3
460, 2290.5692470347844, Server_00, 3.0417973963282776, 1107.001777589665, 0.0, 3
461, 2295.364933998255, Server_00, 3.0417973963282776, 1028.0070483233517, 0.0, 3
462, 2300.0726665318034, Server_00, 3.0417973963282776, 1047.2132740905547, 0.0, 3
463, 2304.726919834511, Server_00, 3.0417973963282776, 1059.2461732007255, 0.0, 3
464, 2309.3517284602276, Server_00, 3.0417973963282776, 1065.990054720643, 0.0, 3
465, 2313.683980049902, Server_00, 3.0417973963282776, 1137.9763843241133, 0.0, 3
466, 2320.836607918059, Server_00, 3.531593941666367, 1082.8188104794303, 0.0, 4
467, 2325.998806674067, Server_00, 3.0417973963282776, 955.0194080114271, 0.0, 3
468, 2329.043078478612, Server_00, 2.5526430912103453, 1031.4453510070762, 0.0, 2
469, 2335.92482077876, Server_00, 3.531593941666367, 1125.4417358571566, 0.0, 4
470, 2340.205891344854, Server_00, 3.0417973963282776, 1151.5811112868453, 0.0, 3
471, 2343.9835354276365, Server_00, 3.0417973963282776, 1305.0461853909703, 0.0, 3
472, 2350.2630828410965, Server_00, 3.531593941666367, 1233.3691411261302, 0.0, 4
473, 2354.7825973856066, Server_00, 3.0417973963282776, 1090.8251210273518, 0.0, 3
474, 2359.640704439345, Server_00, 3.0417973963282776, 1014.798551260054, 0.0, 3
475, 2365.3144311111437, Server_0, 3.0417973963282776, 868.9174303204625, 0.0, 3
476, 2367.726196956828, Server_00, 2.5526430912103453, 1301.9506042092423, 0.0, 2
477, 2374.182552379411, Server_00, 3.531593941666367, 1199.5931904414274, 0.0, 4
478, 2378.441195718092, Server_00, 3.0417973963282776, 1157.6456650457617, 0.0, 3
479, 2385.6807292026815, Server_00, 3.531593941666367, 1069.8203159756536, 0.0, 4
480, 2390.268781503323, Server_00, 3.0417973963282776, 1074.530035176463, 0.0, 3
481, 2394.6092821635084, Server_00, 3.0417973963282776, 1135.8136735750847, 0.0, 3
482, 2398.918169729702, Server_00, 3.0417973963282776, 1144.1468184687085, 0.0, 3
483, 2406.5046406964375, Server_00, 3.531593941666367, 1020.896281546427, 0.0, 4
484, 2411.524874081101, Server_00, 3.0417973963282776, 982.0260578045333, 0.0, 3
485, 2414.327944384221, Server_00, 2.5526430912103453, 1120.2002306203356, 0.0, 2
486, 2418.6471565846064, Server_00, 3.0417973963282776, 1141.4118527356256, 0.0, 3
487, 2425.6335766027933, Server_00, 3.531593941666367, 1108.5792122200485, 0.0, 4
488, 2430.289580821743, Server_00, 3.0417973963282776, 1058.8478377951133, 0.0, 3
489, 2434.923526293515, Server_00, 3.0417973963282776, 1063.8882200991973, 0.0, 3
490, 2439.5717552339206, Server_00, 3.0417973963282776, 1060.619014942429, 0.0, 3
491, 2444.7225030677814, Server_00, 3.0417973963282776, 957.1425662872451, 0.0, 3
492, 2447.891906613513, Server_0, 2.5526430912103453, 990.7226879419285, 0.0, 2
493, 2456.904663829109, Server_0, 3.531593941666367, 859.3374718446919, 0.0, 4
494, 2459.4224767989585, Server_0, 2.5526430912103453, 1247.1140778130973, 0.0, 2
495, 2463.9035113556597, Server_00, 3.0417973963282776, 1100.1923635307462, 0.0, 3
496, 2471.0887491051994, Server_00, 3.531593941666367, 1077.904485553887, 0.0, 4
497, 2475.936729339379, Server_00, 3.0417973963282776, 1016.9183375052377, 0.0, 3
498, 2480.4370535526086, Server_00, 3.0417973963282776, 1095.4766293297507, 0.0, 3
499, 2485.2165640404023, Server_00, 3.0417973963282776, 1031.48638602021, 0.0, 3
500, 2490.025051905272, Server_00, 3.0417973963282776, 1025.2703424746228, 0.0, 3
501, 2494.9008164305797, Server_00, 3.0417973963282776, 1011.1234811301555, 0.0, 3
502, 2499.3853268790895, Server_00, 3.0417973963282776, 1099.3396172458972, 0.0, 3
503, 2503.4970245508034, Server_00, 3.0417973963282776, 1199.0181169971422, 0.0, 3
504, 2511.1536389074395, Server_00, 3.531593941666367, 1011.5436979384159, 0.0, 4
505, 2515.9259317260967, Server_00, 3.0417973963282776, 1033.0464175890968, 0.0, 3
506, 2520.529880422641, Server_00, 3.0417973963282776, 1070.8199254480282, 0.0, 3
507, 2525.066892152453, Server_00, 3.0417973963282776, 1086.618305966818, 0.0, 3
508, 2530.25580691543, Server_00, 3.0417973963282776, 950.1023287519444, 0.0, 3
509, 2533.357302872752, Server_00, 2.5526430912103453, 1012.4146680208859, 0.0, 2
510, 2540.550553974594, Server_00, 3.531593941666367, 1076.703689381359, 0.0, 4
511, 2545.3499990941878, Server_00, 3.0417973963282776, 1027.2020779805057, 0.0, 3
512, 2550.190080063392, Server_00, 3.0417973963282776, 1018.5780013532387, 0.0, 3
513, 2555.108288723186, Server_00, 3.0417973963282776, 1002.3974867724712, 0.0, 3
514, 2560.2373904199803, Server_00, 3.0417973963282776, 961.1819557177454, 0.0, 3
515, 2563.5079379220297, Server_00, 2.5526430912103453, 960.0838997239644, 0.0, 2
516, 2568.2083890347303, Server_00, 3.0417973963282776, 1048.8355014860401, 0.0, 3
517, 2575.936034018867, Server_00, 3.531593941666367, 1002.2458350375948, 0.0, 4
518, 2581.08377278856, Server_00, 3.0417973963282776, 957.7020553227914, 0.0, 3
519, 2583.7711398815304, Server_00, 2.5526430912103453, 1168.4298762955157, 0.0, 2
520, 2590.2957195103963, Server_00, 3.531593941666367, 1187.0496553884816, 0.0, 4
521, 2594.524024345725, Server_00, 3.0417973963282776, 1165.9518866303865, 0.0, 3
522, 2599.3180487674, Server_00, 3.0417973963282776, 1028.3635556194663, 0.0, 3
523, 2604.026752280233, Server_00, 3.0417973963282776, 1046.9973287899654, 0.0, 3
524, 2611.4098292286862, Server_00, 3.531593941666367, 1049.0206256921617, 0.0, 4
525, 2616.493157020492, Server_00, 3.0417973963282776, 969.8371228286575, 0.0, 3
526, 2619.8121633952983, Server_00, 2.5526430912103453, 946.0662756887357, 0.0, 2
527, 2623.6827958119334, Server_0, 2.5526430912103453, 811.236940636626, 0.0, 2
528, 2629.202592478655, Server_0, 3.0417973963282776, 893.1488418264843, 0.0, 3
529, 2632.241837222487, Server_0, 2.5526430912103453, 1033.1514124923174, 0.0, 2
530, 2640.522244963261, Server_0, 3.531593941666367, 935.3404134753358, 0.0, 4
531, 2644.4690742411426, Server_0, 2.5526430912103453, 795.5753286814066, 0.0, 2
532, 2647.836900271665, Server_00, 2.5526430912103453, 932.3521973945303, 0.0, 2
533, 2652.899623577297, Server_0, 3.0417973963282776, 973.7842071115336, 0.0, 3
534, 2659.1084231522655, Server_0, 3.0417973963282776, 794.0343282904329, 0.0, 3
535, 2664.320848936306, Server_0, 3.0417973963282776, 945.8168239238498, 0.0, 3
536, 2667.0314987329534, Server_0, 2.5526430912103453, 1158.3938301006629, 0.0, 2
537, 2676.7500384693612, Server_0, 3.531593941666367, 796.9304247412294, 0.0, 4
538, 2680.2854102117076, Server_0, 2.5526430912103453, 888.1668545316982, 0.0, 2
539, 2683.456237846221, Server_00, 2.5526430912103453, 990.2777324828714, 0.0, 2
540, 2691.1827137225096, Server_00, 3.531593941666367, 1002.3974867725034, 0.0, 4
541, 2696.046784056335, Server_00, 3.0417973963282776, 1013.5544228700699, 0.0, 3
542, 2701.3386172516193, Server_00, 3.0417973963282776, 931.6242251160439, 0.0, 3
543, 2704.460097195879, Server_00, 2.5526430912103453, 1005.9331009877119, 0.0, 2
544, 2709.2688876308207, Server_00, 3.0417973963282776, 1025.2058322561697, 0.0, 3
545, 2714.16721959648, Server_00, 3.0417973963282776, 1006.465064957317, 0.0, 3
546, 2719.171971540321, Server_00, 3.0417973963282776, 985.0638064224548, 0.0, 3
547, 2722.23485055063, Server_00, 2.5526430912103453, 1025.1792478355278, 0.0, 2
548, 2729.687716321042, Server_00, 3.531593941666367, 1039.1975702484801, 0.0, 4
549, 2734.3873379292895, Server_00, 3.0417973963282776, 1049.0206256921142, 0.0, 3
550, 2739.1345040596248, Server_00, 3.0417973963282776, 1038.5143187840877, 0.0, 3
551, 2744.242425865075, Server_00, 3.0417973963282776, 965.1674766711795, 0.0, 3
552, 2747.3593118267304, Server_00, 2.5526430912103453, 1007.4157472005248, 0.0, 2
553, 2754.6469816369263, Server_00, 3.531593941666367, 1062.7539668666484, 0.0, 4
554, 2759.8178687144405, Server_00, 3.0417973963282776, 953.4147480107064, 0.0, 3
555, 2763.095652097801, Server_00, 2.5526430912103453, 957.9644634053305, 0.0, 2
556, 2767.6859801802752, Server_00, 3.0417973963282776, 1073.9973072562618, 0.0, 3
557, 2775.219231845068, Server_00, 3.531593941666367, 1028.1084908123948, 0.0, 4
558, 2780.0281469790884, Server_00, 3.0417973963282776, 1025.1792478355271, 0.0, 3
559, 2784.798874419878, Server_00, 3.0417973963282776, 1033.3853822477502, 0.0, 3
560, 2789.883624848089, Server_00, 3.0417973963282776, 969.5657770433669, 0.0, 3
561, 2793.216318591794, Server_00, 2.5526430912103453, 942.1807827169861, 0.0, 2
562, 2797.8018379939567, Server_00, 3.0417973963282776, 1075.1235721900282, 0.0, 3
563, 2805.5452182095637, Server_00, 3.531593941666367, 1000.2091831148572, 0.0, 4
564, 2810.618830865915, Server_00, 3.0417973963282776, 971.6942017299418, 0.0, 3
565, 2813.6143617792136, Server_00, 2.5526430912103453, 1048.2282075807714, 0.0, 2
566, 2821.2261217873665, Server_00, 3.531593941666367, 1017.5044919577529, 0.0, 4
567, 2826.3022646679046, Server_00, 3.0417973963282776, 971.2098567795617, 0.0, 3
568, 2829.392620415255, Server_00, 2.5526430912103453, 1016.0642517264581, 0.0, 2
569, 2834.249243990822, Server_00, 3.0417973963282776, 1015.1085261789937, 0.0, 3
570, 2839.2529405432806, Server_00, 3.0417973963282776, 985.2715783848912, 0.0, 3
571, 2842.524652213384, Server_00, 2.5526430912103453, 959.7422745693455, 0.0, 2
572, 2847.353126119487, Server_00, 3.0417973963282776, 1021.0265387928147, 0.0, 3
573, 2854.471791872329, Server_00, 3.531593941666367, 1087.9847809834334, 0.0, 4
574, 2859.062119954803, Server_00, 3.0417973963282776, 1073.9973072562618, 0.0, 3
575, 2866.3819189724, Server_00, 3.531593941666367, 1058.0891608336567, 0.0, 4
576, 2871.2691719315235, Server_00, 3.0417973963282776, 1008.7466397246036, 0.0, 3
577, 2876.2940458479998, Server_00, 3.0417973963282776, 981.1191448674573, 0.0, 3
578, 2879.4625803201284, Server_00, 2.5526430912103453, 990.9944258522005, 0.0, 2
579, 2884.1483981723654, Server_00, 3.0417973963282776, 1052.1108919430947, 0.0, 3
580, 2889.0411215523186, Server_00, 3.0417973963282776, 1007.618787565135, 0.0, 3
581, 2896.767597428607, Server_00, 3.531593941666367, 1002.3974867725034, 0.0, 4
582, 2901.743324922044, Server_00, 3.0417973963282776, 990.8098879013926, 0.0, 3
583, 2906.818624159457, Server_00, 3.0417973963282776, 971.3712964267945, 0.0, 3
584, 2909.420095169328, Server_00, 2.5526430912103453, 1207.0094143221204, 0.0, 2
585, 2913.589571273235, Server_00, 3.0417973963282776, 1182.4027472852683, 0.0, 3
586, 2920.7522462964303, Server_00, 3.531593941666367, 1081.2999298333216, 0.0, 4
587, 2925.135391242338, Server_00, 3.0417973963282776, 1124.7631691037263, 0.0, 3
588, 2929.5304021079132, Server_00, 3.0417973963282776, 1121.7264645725907, 0.0, 3
589, 2934.050987801942, Server_00, 3.0417973963282776, 1090.5666508019074, 0.0, 3
590, 2941.3966744908394, Server_00, 3.531593941666367, 1054.360242685849, 0.0, 4
591, 2946.128948535058, Server_00, 3.0417973963282776, 1041.782439886987, 0.0, 3
592, 2951.3947022012158, Server_00, 3.0417973963282776, 936.238250506181, 0.0, 3
593, 2954.5041566580853, Server_00, 2.5526430912103453, 1009.8234412351486, 0.0, 2
594, 2959.0897015219484, Server_00, 3.0417973963282776, 1075.1176024579786, 0.0, 3
595, 2966.5151174815733, Server_00, 3.531593941666367, 1043.0392104782914, 0.0, 4
596, 2971.3240326155938, Server_00, 3.0417973963282776, 1025.1792478355271, 0.0, 3
597, 2975.948983263773, Server_00, 3.0417973963282776, 1065.9573204183419, 0.0, 3
598, 2980.3250671566957, Server_00, 3.0417973963282776, 1126.578036580354, 0.0, 3
599, 2984.6968081876234, Server_00, 3.0417973963282776, 1127.6971726190693, 0.0, 3
600, 2989.109530067849, Server_00, 3.0417973963282776, 1117.2242742268809, 0.0, 3
601, 2997.038084854523, Server_00, 3.531593941666367, 976.8488972312584, 0.0, 4
602, 3000.1983073543215, Server_00, 2.5526430912103453, 993.6009253146003, 0.0, 2
603, 3004.69657055938, Server_00, 3.0417973963282776, 1095.9785533350405, 0.0, 3
604, 3009.3379409219733, Server_00, 3.0417973963282776, 1062.1862973342174, 0.0, 3
605, 3014.135519872027, Server_00, 3.0417973963282776, 1027.601640603484, 0.0, 3
606, 3018.725847954501, Server_00, 3.0417973963282776, 1073.9973072562618, 0.0, 3
607, 3026.2605920421656, Server_00, 3.531593941666367, 1027.90485116539, 0.0, 4
608, 3031.3950401637862, Server_00, 3.0417973963282776, 960.1810911751745, 0.0, 3
609, 3034.534047672082, Server_00, 2.5526430912103453, 1000.3161800988009, 0.0, 2
610, 3039.5344095966743, Server_00, 3.0417973963282776, 985.9286336362669, 0.0, 3
611, 3043.00766750563, Server_0, 2.5526430912103453, 904.0503418717625, 0.0, 2
612, 3047.4875600722544, Server_0, 3.0417973963282776, 1100.4728186405043, 0.0, 3
613, 3055.3145499585708, Server_0, 3.531593941666367, 989.5247231046371, 0.0, 4
614, 3060.432313779281, Server_0, 3.0417973963282776, 963.3113548635829, 0.0, 3
615, 3063.605799708643, Server_0, 2.5526430912103453, 989.4482187387099, 0.0, 2
616, 3072.7959547105997, Server_0, 3.531593941666367, 842.7496596467757, 0.0, 4
617, 3075.9892307110736, Server_0, 2.5526430912103453, 983.3161930049546, 0.0, 2
618, 3079.1815740457464, Server_0, 2.5526430912103453, 983.6034758215611, 0.0, 2
619, 3082.2355205180857, Server_00, 2.5526430912103453, 1028.1778113795285, 0.0, 2
620, 3088.8841406963584, Server_00, 3.531593941666367, 1164.9033622510397, 0.0, 4
621, 3096.6992721776296, Server_00, 3.531593941666367, 991.0261930411144, 0.0, 4
622, 3101.6654209061767, Server_00, 3.0417973963282776, 992.7209734297176, 0.0, 3
623, 3105.9601682064786, Server_00, 3.0417973963282776, 1147.9138713594323, 0.0, 3
624, 3110.5594621635846, Server_00, 3.0417973963282776, 1071.9036543387258, 0.0, 3
625, 3115.673557058192, Server_0, 3.0417973963282776, 964.002448448633, 0.0, 3
626, 3118.9842484956384, Server_00, 2.5526430912103453, 948.4423599505644, 0.0, 2
627, 3124.7375800387017, Server_0, 3.0417973963282776, 856.894820522563, 0.0, 3
628, 3128.7355066644045, Server_0, 2.5526430912103453, 785.4071107290554, 0.0, 2
629, 3134.9136190245595, Server_0, 3.0417973963282776, 797.9783650092678, 0.0, 3
630, 3138.666326776488, Server_0, 2.5526430912103453, 836.7291586685326, 0.0, 2
631, 3144.2303905741064, Server_0, 3.0417973963282776, 886.0430396413022, 0.0, 3
632, 3148.0713630749688, Server_0, 2.5526430912103453, 817.5012966885442, 0.0, 2
633, 3153.783748595391, Server_0, 3.0417973963282776, 863.036989078356, 0.0, 3
634, 3159.058023226797, Server_0, 3.0417973963282776, 934.7256911204239, 0.0, 3
635, 3164.1179034682373, Server_0, 3.0417973963282776, 974.3313605771821, 0.0, 3
636, 3169.4825045787857, Server_0, 3.0417973963282776, 918.9872459121261, 0.0, 3
637, 3172.844828421139, Server_0, 2.5526430912103453, 933.8779211113249, 0.0, 2
638, 3177.461244194021, Server_0, 3.0417973963282776, 1067.9280728914991, 0.0, 3
639, 3185.472237682227, Server_0, 3.531593941666367, 966.7964418399134, 0.0, 4
640, 3188.859951455763, Server_0, 2.5526430912103453, 926.8787772239506, 0.0, 2
641, 3193.5284607151907, Server_0, 3.0417973963282776, 1056.0116144236858, 0.0, 3
642, 3201.439391988727, Server_0, 3.531593941666367, 979.0250644584148, 0.0, 4
643, 3204.795495502029, Server_0, 2.5526430912103453, 935.608805733934, 0.0, 2
644, 3207.970630876724, Server_00, 2.5526430912103453, 988.9342120732972, 0.0, 2
645, 3215.8646544913045, Server_00, 3.531593941666367, 981.1219700046033, 0.0, 4
646, 3218.997144388212, Server_00, 2.5526430912103453, 1002.3974867724368, 0.0, 2
647, 3227.19129220401, Server_00, 3.531593941666367, 945.18675695204, 0.0, 4
648, 3230.335198138173, Server_00, 2.5526430912103453, 998.7576173573174, 0.0, 2
649, 3235.3300031099006, Server_00, 3.0417973963282776, 987.0255251016736, 0.0, 3
650, 3240.706241769488, Server_00, 3.0417973963282776, 916.9979817039078, 0.0, 3
651, 3243.861743977622, Server_00, 2.5526430912103453, 995.0872453537404, 0.0, 2
652, 3251.2605922875314, Server_00, 3.531593941666367, 1046.784536672711, 0.0, 4
653, 3256.3658501166005, Server_00, 3.0417973963282776, 965.6711110511897, 0.0, 3
654, 3259.665074658397, Server_00, 2.5526430912103453, 951.7387980784031, 0.0, 2
655, 3264.02036184577, Server_0, 2.5526430912103453, 720.9627895729955, 0.0, 2
656, 3269.9536714478486, Server_0, 3.0417973963282776, 830.9021997221956, 0.0, 3
657, 3273.0840085671107, Server_0, 2.5526430912103453, 1003.0868498726372, 0.0, 2
658, 3282.5523748733035, Server_0, 3.531593941666367, 817.9869419431263, 0.0, 4
659, 3286.7483515868466, Server_0, 2.5526430912103453, 748.3358975432795, 0.0, 2
660, 3290.124705540125, Server_00, 2.5526430912103453, 929.9972821128996, 0.0, 2
661, 3292.954088219318, Server_0, 2.5526430912103453, 1109.7827180082306, 0.0, 2
662, 3301.5984162532022, Server_0, 3.531593941666367, 895.963222316504, 0.0, 4
663, 3304.7554272598722, Server_0, 2.5526430912103453, 994.6116733093177, 0.0, 2
664, 3309.8084429907367, Server_0, 3.0417973963282776, 975.6549875526708, 0.0, 3
665, 3312.801711114448, Server_00, 2.5526430912103453, 1049.0206256920956, 0.0, 2
666, 3320.305727039793, Server_00, 3.531593941666367, 1032.1140142894915, 0.0, 4
667, 3325.8440145436184, Server_00, 3.0417973963282776, 890.1668605313091, 0.0, 3
668, 3328.7971434616265, Server_00, 2.5526430912103453, 1063.2790125931617, 0.0, 2
669, 3335.4934225544102, Server_00, 3.531593941666367, 1156.6124847374515, 0.0, 4
670, 3340.1336927952134, Server_00, 3.0417973963282776, 1062.438121954446, 0.0, 3
671, 3345.0519014550073, Server_00, 3.0417973963282776, 1002.3974867724712, 0.0, 3
672, 3349.970110114801, Server_00, 3.0417973963282776, 1002.3974867724712, 0.0, 3
673, 3354.99602110698, Server_00, 3.0417973963282776, 980.9166950373316, 0.0, 3
674, 3358.3006433468427, Server_00, 2.5526430912103453, 950.1842486331026, 0.0, 2
675, 3362.9442330184092, Server_00, 3.0417973963282776, 1061.6786470577163, 0.0, 3
676, 3370.54225960926, Server_00, 3.531593941666367, 1019.3436292163493, 0.0, 4
677, 3375.7713232500446, Server_00, 3.0417973963282776, 942.8074199648034, 0.0, 3
678, 3378.9707451458867, Server_00, 2.5526430912103453, 981.4273022512903, 0.0, 2
679, 3383.709901295214, Server_00, 3.0417973963282776, 1040.2695848499925, 0.0, 3
680, 3391.782189460098, Server_00, 3.531593941666367, 959.4553417570343, 0.0, 4
681, 3395.3129008947094, Server_00, 2.5526430912103453, 889.3391765802944, 0.0, 2
682, 3399.4338394980155, Server_0, 2.5526430912103453, 761.9623348624773, 0.0, 2
683, 3402.1346800977362, Server_00, 2.5526430912103453, 1162.6010066364615, 0.0, 2
684, 3409.2572990576405, Server_00, 3.531593941666367, 1087.3809259767195, 0.0, 4
685, 3414.5977436265634, Server_00, 3.0417973963282776, 923.1441196278998, 0.0, 3
686, 3417.745724385915, Server_00, 2.5526430912103453, 997.4648004668692, 0.0, 2
687, 3425.6685079150807, Server_00, 3.531593941666367, 977.5604712016478, 0.0, 4
688, 3428.916150110789, Server_00, 2.5526430912103453, 966.855278623131, 0.0, 2
689, 3433.676336268602, Server_00, 3.0417973963282776, 1035.6737817718579, 0.0, 3
690, 3441.0006735555307, Server_00, 3.531593941666367, 1057.4335529061395, 0.0, 4
691, 3446.2436645613793, Server_00, 3.0417973963282776, 940.3029672377013, 0.0, 3
692, 3450.065460648306, Server_0, 2.5526430912103453, 821.6032275351456, 0.0, 2
693, 3452.8873374053805, Server_00, 2.5526430912103453, 1112.734633831084, 0.0, 2
694, 3459.958524978028, Server_00, 3.531593941666367, 1095.2898534270241, 0.0, 4
695, 3464.6581465862755, Server_00, 3.0417973963282776, 1049.0206256921142, 0.0, 3
696, 3469.3491922188427, Server_00, 3.0417973963282776, 1050.938401829613, 0.0, 3
697, 3474.0218412275904, Server_00, 3.0417973963282776, 1055.076037333556, 0.0, 3
698, 3481.783151574441, Server_00, 3.531593941666367, 997.8985060354794, 0.0, 4
699, 3486.8779892059238, Server_00, 3.0417973963282776, 967.6461462747811, 0.0, 3
700, 3490.0555312206066, Server_00, 2.5526430912103453, 988.1852027418328, 0.0, 2
701, 3494.8505623155984, Server_00, 3.0417973963282776, 1028.1476600118694, 0.0, 3
702, 3499.7781269014317, Server_00, 3.0417973963282776, 1000.4942429722078, 0.0, 3
703, 3504.9639915348475, Server_00, 3.0417973963282776, 950.6611430296298, 0.0, 3
704, 3508.0214058797847, Server_00, 2.5526430912103453, 1027.011600570149, 0.0, 2
705, 3515.4968751491942, Server_00, 3.531593941666367, 1036.0553593194961, 0.0, 4
706, 3520.5514080531825, Server_00, 3.0417973963282776, 975.3621340777083, 0.0, 3
707, 3523.8094769185195, Server_00, 2.5526430912103453, 963.7610897077229, 0.0, 2
708, 3528.357851209706, Server_00, 3.0417973963282776, 1083.903760856481, 0.0, 3
709, 3535.4713888732826, Server_00, 3.531593941666367, 1088.7691000297452, 0.0, 4
710, 3540.1611575516467, Server_00, 3.0417973963282776, 1051.2245567130424, 0.0, 3
711, 3544.8607791598943, Server_00, 3.0417973963282776, 1049.0206256921142, 0.0, 3
712, 3549.622337337643, Server_00, 3.0417973963282776, 1035.375357385853, 0.0, 3
713, 3554.5405459974368, Server_00, 3.0417973963282776, 1002.3974867724712, 0.0, 3
714, 3559.4587546572307, Server_00, 3.0417973963282776, 1002.3974867724712, 0.0, 3
715, 3564.7265481767317, Server_00, 3.0417973963282776, 935.8757099627026, 0.0, 3
716, 3568.5966531335976, Server_00, 2.5526430912103453, 811.3475047826382, 0.0, 2
717, 3574.142265087812, Server_00, 3.0417973963282776, 888.9911592630078, 0.0, 3
718, 3577.2551563963966, Server_00, 2.5526430912103453, 1008.7085248819152, 0.0, 2
719, 3585.0121992351314, Server_00, 3.531593941666367, 998.4474961676508, 0.0, 4
