0, 42.57760843236855, Server_04, 2.5526430912103453, 2255.39434523809, 0.0, 2
1, 47.093795348356316, Server_0, 3.531593941666367, 1714.9423051074132, 0.0, 4
2, 50.48623431804591, Server_04, 3.531593941666367, 2283.018226473405, 0.0, 4
3, 56.81921906184726, Server_0, 3.531593941666367, 1222.9620492265858, 0.0, 4
4, 59.06701512135021, Server_04, 3.0417973963282776, 2193.259472609874, 0.0, 3
5, 65.67505566768261, Server_0, 3.531593941666367, 1172.0569729703961, 0.0, 4
6, 68.8704549529486, Server_0, 3.0417973963282776, 1542.8431816744353, 0.0, 3
7, 70.61915136531974, Server_04, 3.0417973963282776, 2819.242931547623, 0.0, 3
8, 75.1883615226544, Server_04, 4.0211812311925765, 2662.3857474518413, 0.0, 5
9, 80.04272325461316, Server_04, 4.0211812311925765, 2505.993716931218, 0.0, 5
10, 85.09922937900932, Server_04, 4.0211812311925765, 2405.8113845264543, 0.0, 5
11, 89.07067763225425, Server_04, 3.531593941666367, 1950.170191358237, 0.0, 4
12, 92.30271917898402, Server_04, 3.531593941666367, 2396.3182056977266, 0.0, 4
13, 94.36776715493896, Server_04, 3.531593941666367, 3750.518191432565, 0.0, 4
14, 98.01485741577318, Server_04, 4.0211812311925765, 3335.5357641237633, 0.0, 5
15, 102.88233988359995, Server_04, 4.0211812311925765, 2499.2385859442875, 0.0, 5
16, 106.92764132689892, Server_04, 4.0211812311925765, 3007.1924603174616, 0.0, 5
17, 113.82819493512237, Server_04, 4.51062929652117, 2768.6184449364196, 0.0, 6
18, 118.63107968930005, Server_04, 4.0211812311925765, 2532.8527796588382, 0.0, 5
19, 126.05418925779632, Server_04, 4.0211812311925765, 1638.8010829893099, 0.0, 5
20, 130.64866844567857, Server_04, 3.531593941666367, 1685.7188123579124, 0.0, 4
21, 135.22607396250774, Server_04, 3.531593941666367, 1692.0065245530307, 0.0, 4
22, 138.91157392417665, Server_04, 3.531593941666367, 2101.478790001892, 0.0, 4
23, 142.81460452012303, Server_04, 3.531593941666367, 1984.355441139465, 0.0, 4
24, 147.05259648242065, Server_04, 3.531593941666367, 1827.5164438492818, 0.0, 4
25, 153.10027480772365, Server_04, 4.0211812311925765, 2011.5157165523544, 0.0, 5
26, 157.75436750411816, Server_04, 3.531593941666367, 1664.1267171150214, 0.0, 4
27, 162.5460751464775, Server_04, 3.531593941666367, 1616.3340040893054, 0.0, 4
28, 170.22383304560972, Server_04, 4.0211812311925765, 1584.4469387833856, 0.0, 5
29, 175.22015385833348, Server_04, 3.531593941666367, 1550.1406515523172, 0.0, 4
30, 180.08880076734357, Server_04, 3.531593941666367, 1590.7910646933176, 0.0, 4
31, 184.78426908100363, Server_04, 3.531593941666367, 1649.4627335612602, 0.0, 4
32, 189.75721541688384, Server_04, 3.531593941666367, 1557.4268204181492, 0.0, 4
33, 194.82536849007195, Server_04, 3.531593941666367, 1528.1701022356888, 0.0, 4
34, 198.1578297055433, Server_04, 3.0417973963282776, 1479.3870599639386, 0.0, 3
35, 202.46429979142238, Server_0, 3.0417973963282776, 1144.7890967977394, 0.0, 3
36, 209.10139936048492, Server_0, 3.531593941666367, 1166.9253895333595, 0.0, 4
37, 213.0892268955347, Server_0, 3.0417973963282776, 1236.2620892376344, 0.0, 3
38, 216.39596716937788, Server_04, 3.0417973963282776, 1490.894231699126, 0.0, 3
39, 221.93915332810226, Server_04, 3.531593941666367, 1397.2108780453277, 0.0, 4
40, 227.2307442120657, Server_04, 3.531593941666367, 1463.6430082816498, 0.0, 4
41, 232.31162611533534, Server_04, 3.531593941666367, 1524.3416689169549, 0.0, 4
42, 237.67774434383983, Server_04, 3.531593941666367, 1443.315199217758, 0.0, 4
43, 241.16321389948396, Server_04, 3.0417973963282776, 1414.4435695950053, 0.0, 3
44, 246.70700645855072, Server_04, 3.531593941666367, 1397.058046000154, 0.0, 4
45, 252.214140308824, Server_04, 3.531593941666367, 1406.3576827019874, 0.0, 4
46, 258.04185390499913, Server_04, 3.531593941666367, 1328.994617217159, 0.0, 4
47, 261.8013756562866, Server_04, 3.0417973963282776, 1311.3370067114734, 0.0, 3
48, 267.82337496938464, Server_04, 3.531593941666367, 1286.1177156155406, 0.0, 4
49, 271.6368810861011, Server_04, 3.0417973963282776, 1292.773591837031, 0.0, 3
50, 277.6218687660614, Server_04, 3.531593941666367, 1294.0711684224088, 0.0, 4
51, 281.4487352068071, Server_04, 3.0417973963282776, 1288.2602715132582, 0.0, 3
52, 287.5841247395172, Server_04, 3.531593941666367, 1262.3485369117031, 0.0, 4
53, 291.5280697635633, Server_04, 3.0417973963282776, 1250.0174241633713, 0.0, 3
54, 297.46614966419634, Server_04, 3.531593941666367, 1304.2936655625515, 0.0, 4
55, 303.53669112398893, Server_04, 3.531593941666367, 1275.8334740480655, 0.0, 4
56, 307.4104469503969, Server_04, 3.0417973963282776, 1272.6666885897891, 0.0, 3
57, 313.47405408312494, Server_04, 3.531593941666367, 1277.2925142522322, 0.0, 4
58, 317.40862101095996, Server_04, 3.0417973963282776, 1252.996858465618, 0.0, 3
59, 323.61551642073016, Server_04, 3.531593941666367, 1247.8057851286958, 0.0, 4
60, 327.4815579502389, Server_04, 3.0417973963282776, 1275.206166920427, 0.0, 3
61, 333.3193397234348, Server_04, 3.531593941666367, 1326.7025560224035, 0.0, 4
62, 337.03531959972344, Server_04, 3.0417973963282776, 1326.7025560224101, 0.0, 3
63, 342.87310137291934, Server_04, 3.531593941666367, 1326.7025560224035, 0.0, 4
64, 346.589081249208, Server_04, 3.0417973963282776, 1326.7025560224101, 0.0, 3
65, 352.4268630224039, Server_04, 3.531593941666367, 1326.7025560224035, 0.0, 4
66, 358.2646447955998, Server_04, 3.531593941666367, 1326.7025560224035, 0.0, 4
67, 361.98062467188845, Server_04, 3.0417973963282776, 1326.7025560224101, 0.0, 3
68, 367.81840644508435, Server_04, 3.531593941666367, 1326.7025560224035, 0.0, 4
69, 371.534386321373, Server_04, 3.0417973963282776, 1326.7025560224101, 0.0, 3
70, 377.5583619791886, Server_04, 3.531593941666367, 1285.6957663750745, 0.0, 4
71, 383.8070264028743, Server_04, 3.531593941666367, 1239.464863986352, 0.0, 4
72, 387.8508868564826, Server_04, 3.0417973963282776, 1219.1320785070745, 0.0, 3
73, 391.7914478702852, Server_04, 3.0417973963282776, 1251.0908935889288, 0.0, 3
74, 397.6462750797756, Server_04, 3.531593941666367, 1322.8400639126849, 0.0, 4
75, 401.36225495606425, Server_04, 3.0417973963282776, 1326.7025560224101, 0.0, 3
76, 407.20003672926015, Server_04, 3.531593941666367, 1326.7025560224035, 0.0, 4
77, 413.03781850245605, Server_04, 3.531593941666367, 1326.7025560224035, 0.0, 4
78, 416.8565040544578, Server_04, 3.0417973963282776, 1291.0201515324336, 0.0, 3
79, 423.1927100926248, Server_04, 3.531593941666367, 1222.3403016484833, 0.0, 4
80, 427.1782399578197, Server_04, 3.0417973963282776, 1236.9747980194616, 0.0, 3
81, 433.24109860362944, Server_04, 3.531593941666367, 1277.4502017052382, 0.0, 4
82, 436.9604374644685, Server_04, 3.0417973963282776, 1325.504393242573, 0.0, 3
83, 442.94573277154353, Server_04, 3.531593941666367, 1294.0046568537516, 0.0, 4
84, 446.8744213084277, Server_04, 3.0417973963282776, 1254.8716839512947, 0.0, 3
85, 452.94888098376396, Server_04, 3.531593941666367, 1275.0105217500331, 0.0, 4
86, 456.8243478643271, Server_04, 3.0417973963282776, 1272.1047945799107, 0.0, 3
87, 462.94312262721365, Server_04, 3.531593941666367, 1265.7762869418393, 0.0, 4
88, 466.8038639835934, Server_04, 3.0417973963282776, 1276.9568186310573, 0.0, 3
89, 473.19480878285646, Server_04, 3.531593941666367, 1211.8708959734795, 0.0, 4
90, 477.03633634969157, Server_04, 3.0417973963282776, 1283.3436476056945, 0.0, 3
91, 482.937443232694, Server_04, 3.531593941666367, 1312.4656362874384, 0.0, 4
92, 486.7560592779719, Server_04, 3.0417973963282776, 1291.0436507740815, 0.0, 3
93, 492.65048740379825, Server_04, 3.531593941666367, 1313.9527422627068, 0.0, 4
94, 496.4257718100136, Server_04, 3.0417973963282776, 1305.861882056783, 0.0, 3
95, 502.60015818728715, Server_04, 3.531593941666367, 1254.3756620912982, 0.0, 4
96, 506.6440186408954, Server_04, 3.0417973963282776, 1219.1320785070745, 0.0, 3
97, 512.9968988058439, Server_04, 3.531593941666367, 1219.132078507072, 0.0, 4
98, 517.0407592594521, Server_04, 3.0417973963282776, 1219.1320785070916, 0.0, 3
99, 523.237955016544, Server_04, 3.531593941666367, 1249.7588108519644, 0.0, 4
100, 526.9539348928326, Server_04, 3.0417973963282776, 1326.7025560224101, 0.0, 3
101, 532.7917166660285, Server_04, 3.531593941666367, 1326.7025560224165, 0.0, 4
102, 536.5468325145699, Server_04, 3.0417973963282776, 1312.8756072638646, 0.0, 3
103, 542.5563137516833, Server_04, 3.531593941666367, 1288.7967687074854, 0.0, 4
104, 548.6443883130576, Server_04, 3.531593941666367, 1272.1591895634972, 0.0, 4
105, 552.6882487666658, Server_04, 3.0417973963282776, 1219.1320785070916, 0.0, 3
106, 556.732109220274, Server_04, 3.0417973963282776, 1219.1320785070916, 0.0, 3
107, 563.0849893852225, Server_04, 3.531593941666367, 1219.132078507072, 0.0, 4
108, 567.172196255193, Server_04, 3.0417973963282776, 1206.2027092931557, 0.0, 3
109, 573.3085489958208, Server_04, 3.531593941666367, 1262.1503892241203, 0.0, 4
110, 576.7788294278447, Server_04, 3.0417973963282776, 1420.63446933735, 0.0, 3
111, 582.1557295289836, Server_04, 3.531593941666367, 1440.4210333681976, 0.0, 4
112, 587.6256313511988, Server_04, 3.531593941666367, 1415.9303497084381, 0.0, 4
113, 591.7560925685206, Server_04, 3.0417973963282776, 1193.5713085321327, 0.0, 3
114, 598.1597508594, Server_04, 3.531593941666367, 1209.4649102421665, 0.0, 4
115, 602.1807336599236, Server_04, 3.0417973963282776, 1226.0684127666582, 0.0, 3
116, 608.1449415739796, Server_04, 3.531593941666367, 1298.5798133809385, 0.0, 4
117, 612.0059488119491, Server_04, 3.0417973963282776, 1276.8688832069367, 0.0, 3
118, 618.2418283092654, Server_04, 3.531593941666367, 1242.0060399392175, 0.0, 4
119, 622.4293756318118, Server_04, 3.0417973963282776, 1177.3001282770333, 0.0, 3
120, 628.7830715205903, Server_04, 3.531593941666367, 1218.9755593557388, 0.0, 4
121, 632.712226298854, Server_04, 3.0417973963282776, 1254.7227783626563, 0.0, 3
122, 636.367921812589, Server_04, 3.0417973963282776, 1348.5805865059947, 0.0, 3
123, 642.1472795256817, Server_04, 3.531593941666367, 1340.1143145118422, 0.0, 4
124, 648.2522212693601, Server_04, 3.531593941666367, 1268.644374538029, 0.0, 4
125, 652.4053752487415, Server_04, 3.0417973963282776, 1187.0496553884875, 0.0, 3
126, 658.6918675975045, Server_04, 3.531593941666367, 1232.0065897358518, 0.0, 4
127, 662.6264345253395, Server_04, 3.0417973963282776, 1252.996858465618, 0.0, 3
128, 666.5610014531745, Server_04, 3.0417973963282776, 1252.996858465618, 0.0, 3
129, 672.9030991033065, Server_04, 3.531593941666367, 1221.2047854291204, 0.0, 4
130, 677.0562530826879, Server_04, 3.0417973963282776, 1187.0496553884875, 0.0, 3
131, 683.5133489888991, Server_04, 3.531593941666367, 1199.4556240910044, 0.0, 4
132, 687.3315241823032, Server_04, 3.0417973963282776, 1291.1927164884023, 0.0, 3
133, 693.1367412549394, Server_04, 3.531593941666367, 1334.1447706593567, 0.0, 4
134, 696.852721131228, Server_04, 3.0417973963282776, 1326.7025560224101, 0.0, 3
135, 702.908506763385, Server_04, 3.531593941666367, 1278.9422331716967, 0.0, 4
136, 706.9523672169933, Server_04, 3.0417973963282776, 1219.1320785070916, 0.0, 3
137, 713.3052473819417, Server_04, 3.531593941666367, 1219.132078507072, 0.0, 4
138, 717.240397502362, Server_04, 3.0417973963282776, 1252.8111632685159, 0.0, 3
139, 723.1410535814538, Server_04, 3.531593941666367, 1312.5659072799515, 0.0, 4
140, 726.8637700384445, Server_04, 3.0417973963282776, 1324.3017718263693, 0.0, 3
141, 732.9357279529644, Server_04, 3.531593941666367, 1275.535850055773, 0.0, 4
142, 737.0574285295352, Server_04, 3.0417973963282776, 1196.1082345534446, 0.0, 3
143, 743.3041680540772, Server_04, 3.531593941666367, 1239.8467984092586, 0.0, 4
144, 747.3157915260962, Server_04, 3.0417973963282776, 1228.9288948443643, 0.0, 3
145, 753.3633349610117, Server_04, 3.531593941666367, 1280.6853036034825, 0.0, 4
146, 757.3374692338091, Server_04, 3.0417973963282776, 1240.5217492889958, 0.0, 3
147, 763.9722751320803, Server_04, 3.531593941666367, 1167.3287988753445, 0.0, 4
148, 768.2129010621778, Server_04, 3.0417973963282776, 1162.5642254860807, 0.0, 3
149, 772.4571417312733, Server_04, 3.0417973963282776, 1161.5740916621226, 0.0, 3
150, 778.5979500369812, Server_04, 3.531593941666367, 1261.2346151240426, 0.0, 4
151, 782.5066322271994, Server_04, 3.0417973963282776, 1261.2946666110975, 0.0, 3
152, 788.6508959219072, Server_04, 3.531593941666367, 1260.5253265205465, 0.0, 4
153, 792.729606680805, Server_04, 3.0417973963282776, 1208.7152758369002, 0.0, 3
154, 796.7861802530877, Server_04, 3.0417973963282776, 1215.3113735407594, 0.0, 3
155, 802.4891002518154, Server_04, 3.531593941666367, 1358.0762138917876, 0.0, 4
156, 808.1551825610939, Server_04, 3.531593941666367, 1366.9056637806498, 0.0, 4
157, 811.8803414336758, Server_04, 3.0417973963282776, 1323.4334879744358, 0.0, 3
158, 818.1930059013, Server_04, 3.531593941666367, 1226.8987271098872, 0.0, 4
159, 821.849927197222, Server_04, 3.0417973963282776, 1348.1285488691597, 0.0, 3
160, 828.4047776743405, Server_04, 3.531593941666367, 1181.5677607042323, 0.0, 4
161, 832.6055863733353, Server_04, 3.0417973963282776, 1173.5835533714408, 0.0, 3
162, 836.8203791588766, Server_04, 3.0417973963282776, 1169.6897690705587, 0.0, 3
163, 843.4542523135158, Server_04, 3.531593941666367, 1167.4929290114246, 0.0, 4
164, 847.6074062928973, Server_04, 3.0417973963282776, 1187.049655388455, 0.0, 3
165, 852.3784262438036, Server_0, 3.0417973963282776, 1033.3220256317536, 0.0, 3
166, 859.4630002418866, Server_0, 3.531593941666367, 1093.2202842536074, 0.0, 4
167, 863.336333796227, Server_0, 3.0417973963282776, 1272.8054351207302, 0.0, 3
168, 867.2442588726088, Server_04, 3.0417973963282776, 1261.539027397231, 0.0, 3
169, 873.4268694344836, Server_04, 3.531593941666367, 1252.7070761596674, 0.0, 4
170, 877.5570564350778, Server_04, 3.0417973963282776, 1193.6505536651755, 0.0, 3
171, 883.9753257271552, Server_04, 3.531593941666367, 1206.711598960218, 0.0, 4
172, 888.0630905794077, Server_04, 3.0417973963282776, 1206.0380619211608, 0.0, 3
173, 892.2523129169324, Server_04, 3.0417973963282776, 1176.8293976282464, 0.0, 3
174, 898.8395870345288, Server_04, 3.531593941666367, 1175.7518909545615, 0.0, 4
175, 903.081700250061, Server_04, 3.0417973963282776, 1162.1566303202771, 0.0, 3
176, 907.2476072495815, Server_04, 3.0417973963282776, 1183.4157604976328, 0.0, 3
177, 913.8911823688517, Server_04, 3.531593941666367, 1165.7879772496394, 0.0, 4
178, 918.0717012637352, Server_04, 3.0417973963282776, 1179.2794444808537, 0.0, 3
179, 922.3960199987581, Server_0, 3.0417973963282776, 1140.063973562283, 0.0, 3
180, 929.0818705056812, Server_0, 3.531593941666367, 1158.4165682406717, 0.0, 4
181, 933.6078371791539, Server_0, 3.0417973963282776, 1089.2700622157504, 0.0, 3
182, 937.7803006341452, Server_04, 3.0417973963282776, 1181.556184537094, 0.0, 3
183, 942.5056984654332, Server_0, 3.0417973963282776, 1043.2984006885733, 0.0, 3
184, 949.0718988976201, Server_0, 3.531593941666367, 1179.5253708727269, 0.0, 4
185, 953.009653679083, Server_0, 3.0417973963282776, 1251.982480780196, 0.0, 3
186, 957.1470350537843, Server_0, 3.0417973963282776, 1191.5749488662946, 0.0, 3
187, 963.9337458099027, Server_0, 3.531593941666367, 1141.2008376838046, 0.0, 4
188, 968.4633014139262, Server_0, 3.0417973963282776, 1088.406994191842, 0.0, 3
189, 973.1861795597488, Server_0, 3.0417973963282776, 1043.8550070068143, 0.0, 3
190, 976.9326111785633, Server_04, 3.0417973963282776, 1315.918853354107, 0.0, 3
191, 982.9439160170522, Server_04, 3.531593941666367, 1288.4057967599208, 0.0, 4
192, 987.2222638727309, Server_04, 3.0417973963282776, 1152.313969388055, 0.0, 3
193, 993.355080239945, Server_04, 3.531593941666367, 1262.878184549042, 0.0, 4
194, 997.4542303318046, Server_04, 3.0417973963282776, 1202.6883352698642, 0.0, 3
195, 1003.9788099606706, Server_04, 3.531593941666367, 1187.0496553884816, 0.0, 4
196, 1008.1319639400521, Server_04, 3.0417973963282776, 1187.049655388455, 0.0, 3
197, 1012.2851179194334, Server_04, 3.0417973963282776, 1187.0496553884875, 0.0, 3
198, 1018.8096975482995, Server_04, 3.531593941666367, 1187.049655388461, 0.0, 4
199, 1022.962851527681, Server_04, 3.0417973963282776, 1187.049655388455, 0.0, 3
200, 1027.1160055070625, Server_04, 3.0417973963282776, 1187.049655388455, 0.0, 3
201, 1033.7140042047736, Server_04, 3.531593941666367, 1173.8407894331374, 0.0, 4
202, 1037.9711653778745, Server_04, 3.0417973963282776, 1158.0487088791522, 0.0, 3
203, 1042.124319357256, Server_04, 3.0417973963282776, 1187.0496553884875, 0.0, 3
204, 1048.6488989861218, Server_04, 3.531593941666367, 1187.0496553884816, 0.0, 4
205, 1052.8020529655032, Server_04, 3.0417973963282776, 1187.0496553884875, 0.0, 3
206, 1057.0336150264745, Server_04, 3.0417973963282776, 1165.0544004708158, 0.0, 3
207, 1063.6187554976425, Server_04, 3.531593941666367, 1176.1328454435115, 0.0, 4
208, 1067.881203002797, Server_04, 3.0417973963282776, 1156.6124847375038, 0.0, 3
209, 1072.1436505079516, Server_04, 3.0417973963282776, 1156.6124847375038, 0.0, 3
210, 1078.839929600735, Server_04, 3.531593941666367, 1156.6124847374908, 0.0, 4
211, 1083.047574748772, Server_04, 3.0417973963282776, 1171.676751852569, 0.0, 3
212, 1087.2007287281533, Server_04, 3.0417973963282776, 1187.0496553884875, 0.0, 3
213, 1093.9438954085656, Server_04, 3.531593941666367, 1148.5701551020327, 0.0, 4
214, 1098.097049387947, Server_04, 3.0417973963282776, 1187.0496553884875, 0.0, 3
215, 1102.2502033673284, Server_04, 3.0417973963282776, 1187.0496553884875, 0.0, 3
216, 1108.7747829961943, Server_04, 3.531593941666367, 1187.0496553884816, 0.0, 4
217, 1112.9279369755757, Server_04, 3.0417973963282776, 1187.0496553884875, 0.0, 3
218, 1117.081090954957, Server_04, 3.0417973963282776, 1187.0496553884875, 0.0, 3
219, 1123.7149641095962, Server_04, 3.531593941666367, 1167.4929290114446, 0.0, 4
220, 1127.8681180889776, Server_04, 3.0417973963282776, 1187.0496553884875, 0.0, 3
221, 1132.021272068359, Server_04, 3.0417973963282776, 1187.0496553884875, 0.0, 3
222, 1138.5458516972249, Server_04, 3.531593941666367, 1187.0496553884816, 0.0, 4
223, 1142.6990056766062, Server_04, 3.0417973963282776, 1187.0496553884875, 0.0, 3
224, 1146.8521596559876, Server_04, 3.0417973963282776, 1187.0496553884875, 0.0, 3
225, 1153.406054281395, Server_04, 3.531593941666367, 1181.7400862649104, 0.0, 4
226, 1157.6685017865495, Server_04, 3.0417973963282776, 1156.6124847375038, 0.0, 3
227, 1161.930949291704, Server_04, 3.0417973963282776, 1156.6124847375038, 0.0, 3
228, 1168.9613347593668, Server_04, 3.531593941666367, 1101.6465648468816, 0.0, 4
229, 1173.4995642682024, Server_04, 3.0417973963282776, 1086.326725081127, 0.0, 3
230, 1177.5974637428478, Server_04, 3.0417973963282776, 1203.0553776399395, 0.0, 3
231, 1182.325618193692, Server_0, 3.0417973963282776, 1042.6901344392006, 0.0, 3
232, 1188.827777994381, Server_0, 3.531593941666367, 1191.1426721901369, 0.0, 4
233, 1193.2455133870858, Server_0, 3.0417973963282776, 1115.9563807604063, 0.0, 3
234, 1197.892047334327, Server_0, 3.0417973963282776, 1061.0059145112268, 0.0, 3
235, 1202.1351829535843, Server_04, 3.0417973963282776, 1161.8766031482257, 0.0, 3
236, 1208.8314620463677, Server_04, 3.531593941666367, 1156.6124847374908, 0.0, 4
237, 1213.0939095515223, Server_04, 3.0417973963282776, 1156.6124847375038, 0.0, 3
238, 1217.484885734397, Server_04, 3.0417973963282776, 1122.7571716803, 0.0, 3
239, 1224.3721761769953, Server_04, 3.531593941666367, 1124.5351222734578, 0.0, 4
240, 1228.743917207923, Server_04, 3.0417973963282776, 1127.6971726190693, 0.0, 3
241, 1233.0447726466068, Server_04, 3.0417973963282776, 1146.2835871341738, 0.0, 3
242, 1236.9365392216096, Server_04, 3.0417973963282776, 1266.7769006666385, 0.0, 3
243, 1243.375131276073, Server_04, 3.531593941666367, 1202.902736263727, 0.0, 4
244, 1247.5282852554544, Server_04, 3.0417973963282776, 1187.0496553884875, 0.0, 3
245, 1254.2594976244873, Server_04, 3.531593941666367, 1150.609960789696, 0.0, 4
246, 1258.6899440429497, Server_04, 3.0417973963282776, 1112.7546830170024, 0.0, 3
247, 1263.0616850738775, Server_04, 3.0417973963282776, 1127.6971726190693, 0.0, 3
248, 1267.4334261048052, Server_04, 3.0417973963282776, 1127.6971726190693, 0.0, 3
249, 1274.1793034603481, Server_04, 3.531593941666367, 1148.1086286924753, 0.0, 4
250, 1278.4417509655027, Server_04, 3.0417973963282776, 1156.6124847375038, 0.0, 3
251, 1282.827389050374, Server_04, 3.0417973963282776, 1124.1237659364879, 0.0, 3
252, 1287.308423607075, Server_04, 3.0417973963282776, 1100.1923635308021, 0.0, 3
253, 1294.347082946971, Server_04, 3.531593941666367, 1100.3515905507984, 0.0, 4
254, 1298.4455903221965, Server_04, 3.0417973963282776, 1202.8769375409247, 0.0, 3
255, 1302.5279148921622, Server_04, 3.0417973963282776, 1207.6452804048756, 0.0, 3
256, 1308.8807950571106, Server_04, 3.531593941666367, 1219.1320785070939, 0.0, 4
257, 1312.9246555107188, Server_04, 3.0417973963282776, 1219.1320785070916, 0.0, 3
258, 1316.968515964327, Server_04, 3.0417973963282776, 1219.1320785070916, 0.0, 3
259, 1323.8438353942358, Server_04, 3.531593941666367, 1126.493114822844, 0.0, 4
260, 1328.187586858642, Server_04, 3.0417973963282776, 1134.9636461473035, 0.0, 3
261, 1332.5593278895697, Server_04, 3.0417973963282776, 1127.6971726190693, 0.0, 3
262, 1339.4273064462707, Server_04, 3.531593941666367, 1127.6971726190498, 0.0, 4
263, 1343.7990474771984, Server_04, 3.0417973963282776, 1127.6971726190693, 0.0, 3
264, 1348.1707885081262, Server_04, 3.0417973963282776, 1127.6971726190693, 0.0, 3
265, 1352.5706869584883, Server_04, 3.0417973963282776, 1120.4804055407815, 0.0, 3
266, 1359.4170654644822, Server_04, 3.531593941666367, 1131.2550121526792, 0.0, 4
267, 1363.770518687445, Server_04, 3.0417973963282776, 1132.4343567070248, 0.0, 3
268, 1368.046723128869, Server_04, 3.0417973963282776, 1152.8915578129722, 0.0, 3
269, 1372.5650733520458, Server_0, 3.0417973963282776, 1091.1062127746486, 0.0, 3
270, 1379.9073700150234, Server_0, 3.531593941666367, 1054.847053382222, 0.0, 4
271, 1384.1800874347964, Server_0, 3.0417973963282776, 1153.8324479838643, 0.0, 3
272, 1388.4576934184574, Server_0, 3.0417973963282776, 1152.5138170347818, 0.0, 3
273, 1392.9637323886316, Server_04, 3.0417973963282776, 1094.087297653683, 0.0, 3
274, 1397.6470030776002, Server_0, 3.0417973963282776, 1052.6831198573602, 0.0, 3
275, 1402.026796347402, Server_04, 3.0417973963282776, 1125.6239042129478, 0.0, 3
276, 1408.8323689659587, Server_04, 3.531593941666367, 1138.0379630189861, 0.0, 4
277, 1413.192307617653, Server_04, 3.0417973963282776, 1130.749855410081, 0.0, 3
278, 1417.6433717670614, Server_04, 3.0417973963282776, 1107.6003028748041, 0.0, 3
279, 1422.1373712752136, Server_04, 3.0417973963282776, 1097.0183666146058, 0.0, 3
280, 1429.0131185642813, Server_04, 3.531593941666367, 1126.423016202819, 0.0, 4
281, 1433.4675633078148, Server_04, 3.0417973963282776, 1106.7597161592087, 0.0, 3
282, 1437.8294686692507, Server_04, 3.0417973963282776, 1130.2400193242813, 0.0, 3
283, 1442.1697054512395, Server_04, 3.0417973963282776, 1135.8827289005603, 0.0, 3
284, 1449.0726903263064, Server_04, 3.531593941666367, 1121.978410813895, 0.0, 4
285, 1453.5874455295511, Server_04, 3.0417973963282776, 1091.9750414057587, 0.0, 3
286, 1457.9141630796175, Server_04, 3.0417973963282776, 1139.4319002691395, 0.0, 3
287, 1462.2766304005952, Server_04, 3.0417973963282776, 1130.094425302229, 0.0, 3
288, 1469.0322014836154, Server_04, 3.531593941666367, 1146.4611806789655, 0.0, 4
289, 1473.3322722905205, Server_04, 3.0417973963282776, 1146.49274892948, 0.0, 3
290, 1477.6638563813244, Server_04, 3.0417973963282776, 1138.1517469478374, 0.0, 3
291, 1482.0355974122522, Server_04, 3.0417973963282776, 1127.6971726190693, 0.0, 3
292, 1488.9035759689532, Server_04, 3.531593941666367, 1127.6971726190498, 0.0, 4
293, 1493.275316999881, Server_04, 3.0417973963282776, 1127.6971726190693, 0.0, 3
294, 1497.676420968311, Server_04, 3.0417973963282776, 1120.1734917792803, 0.0, 3
295, 1502.2798391077936, Server_04, 3.0417973963282776, 1070.9433404965864, 0.0, 3
296, 1509.6413310421005, Server_04, 3.531593941666367, 1052.0965137387107, 0.0, 4
297, 1514.143991396594, Server_04, 3.0417973963282776, 1094.908256866441, 0.0, 3
298, 1518.4004493673363, Server_04, 3.0417973963282776, 1158.2400281848043, 0.0, 3
299, 1522.155099047602, Server_04, 3.0417973963282776, 1313.0386107422198, 0.0, 3
300, 1527.649481892963, Server_04, 3.531593941666367, 1409.6214657738003, 0.0, 4
301, 1531.1468747177053, Server_04, 3.0417973963282776, 1409.6214657737999, 0.0, 3
302, 1536.71311302029, Server_04, 3.531593941666367, 1391.4244376500399, 0.0, 4
303, 1542.9095955298137, Server_04, 3.531593941666367, 1249.902664632105, 0.0, 4
304, 1547.3906300865146, Server_04, 3.0417973963282776, 1100.1923635308021, 0.0, 3
305, 1554.4303081071332, Server_04, 3.531593941666367, 1100.1923635307767, 0.0, 4
306, 1558.9113426638341, Server_04, 3.0417973963282776, 1100.1923635308021, 0.0, 3
307, 1563.392377220535, Server_04, 3.0417973963282776, 1100.1923635308021, 0.0, 3
308, 1567.873411777236, Server_04, 3.0417973963282776, 1100.1923635308021, 0.0, 3
309, 1572.837670129482, Server_04, 3.0417973963282776, 993.0989989208746, 0.0, 3
310, 1575.7251721369144, Server_0, 3.0417973963282776, 1707.3581203788528, 0.0, 3
311, 1585.890603577929, Server_0, 4.0211812311925765, 1196.7027735702156, 0.0, 5
312, 1590.8954033184214, Server_0, 3.0417973963282776, 985.054398902865, 0.0, 3
313, 1594.2588986236487, Server_0, 2.5526430912103453, 933.5526632428943, 0.0, 2
314, 1597.2438418314798, Server_04, 2.5526430912103453, 1051.946312332556, 0.0, 2
315, 1604.798618243851, Server_04, 3.531593941666367, 1025.1792478354873, 0.0, 4
316, 1609.6075333778717, Server_04, 3.0417973963282776, 1025.1792478354787, 0.0, 3
317, 1614.4006847085504, Server_04, 3.0417973963282776, 1028.5508760062269, 0.0, 3
318, 1618.673163249026, Server_04, 3.0417973963282776, 1153.8969601123654, 0.0, 3
319, 1622.7505335029348, Server_04, 3.0417973963282776, 1209.1126615920575, 0.0, 3
320, 1627.6084056973007, Server_04, 3.0417973963282776, 1014.8476128535805, 0.0, 3
321, 1631.9514627595313, Server_04, 3.0417973963282776, 1135.1451130756993, 0.0, 3
322, 1638.4760423883972, Server_04, 3.531593941666367, 1187.0496553884816, 0.0, 4
323, 1642.6291963677786, Server_04, 3.0417973963282776, 1187.0496553884875, 0.0, 3
324, 1646.8219987099387, Server_04, 3.0417973963282776, 1175.8245673608542, 0.0, 3
325, 1654.1722298186203, Server_04, 3.531593941666367, 1053.7083644692711, 0.0, 4
326, 1658.8718514268678, Server_04, 3.0417973963282776, 1049.0206256921142, 0.0, 3
327, 1663.5714730351153, Server_04, 3.0417973963282776, 1049.0206256921142, 0.0, 3
328, 1668.2710946433629, Server_04, 3.0417973963282776, 1049.0206256921142, 0.0, 3
329, 1672.9707162516104, Server_04, 3.0417973963282776, 1049.0206256921142, 0.0, 3
330, 1677.670337859858, Server_04, 3.0417973963282776, 1049.0206256921142, 0.0, 3
331, 1682.3699594681054, Server_04, 3.0417973963282776, 1049.0206256921142, 0.0, 3
332, 1689.5679405121627, Server_04, 3.531593941666367, 1075.9961651183155, 0.0, 4
333, 1694.064734891677, Server_04, 3.0417973963282776, 1096.3365419729234, 0.0, 3
334, 1698.4388652434395, Server_04, 3.0417973963282776, 1127.0811803799045, 0.0, 3
335, 1702.648691969249, Server_04, 3.0417973963282776, 1171.0695762785767, 0.0, 3
336, 1707.0531809602003, Server_04, 3.0417973963282776, 1119.3125945208199, 0.0, 3
337, 1714.1323468815933, Server_04, 3.531593941666367, 1094.0554418416477, 0.0, 4
338, 1718.643504424118, Server_04, 3.0417973963282776, 1092.8458945463817, 0.0, 3
339, 1723.2029195041573, Server_04, 3.0417973963282776, 1081.2790486181088, 0.0, 3
340, 1727.7148670632932, Server_04, 3.0417973963282776, 1092.6545433839499, 0.0, 3
341, 1732.2742475977602, Server_04, 3.0417973963282776, 1081.2872412669424, 0.0, 3
342, 1739.6123203439927, Server_04, 3.531593941666367, 1055.4542408940372, 0.0, 4
343, 1744.3965675197492, Server_04, 3.0417973963282776, 1030.4651534272919, 0.0, 3
344, 1749.1258470719658, Server_04, 3.0417973963282776, 1042.4420771847274, 0.0, 3
345, 1753.9051042620172, Server_04, 3.0417973963282776, 1031.5410541752078, 0.0, 3
346, 1758.5377959386574, Server_04, 3.0417973963282776, 1064.176151600793, 0.0, 3
347, 1763.2024542524032, Server_04, 3.0417973963282776, 1056.8834131906913, 0.0, 3
348, 1767.6386332333532, Server_04, 3.0417973963282776, 1111.316748303122, 0.0, 3
349, 1771.9886474027983, Server_04, 3.0417973963282776, 1133.3296416891628, 0.0, 3
350, 1779.0106354823604, Server_04, 3.531593941666367, 1102.9639914289032, 0.0, 4
351, 1783.4936735361812, Server_04, 3.0417973963282776, 1099.700680835906, 0.0, 3
352, 1788.0483053660928, Server_04, 3.0417973963282776, 1082.414602125079, 0.0, 3
353, 1792.632499514488, Server_04, 3.0417973963282776, 1075.4343817933252, 0.0, 3
354, 1797.2305434983757, Server_04, 3.0417973963282776, 1072.195050172538, 0.0, 3
355, 1804.4662370064602, Server_04, 3.531593941666367, 1070.3880687243625, 0.0, 4
356, 1809.1978995566092, Server_04, 3.0417973963282776, 1041.9170741254186, 0.0, 3
357, 1813.8682729230609, Server_04, 3.0417973963282776, 1055.590123781803, 0.0, 3
358, 1818.534663289448, Server_04, 3.0417973963282776, 1056.4911233127334, 0.0, 3
359, 1823.1532427815796, Server_04, 3.0417973963282776, 1067.4277682995207, 0.0, 3
360, 1827.8246129801696, Server_04, 3.0417973963282776, 1055.3648694954752, 0.0, 3
361, 1832.335171303747, Server_04, 3.0417973963282776, 1092.9910770092552, 0.0, 3
362, 1839.6177398559266, Server_04, 3.531593941666367, 1063.498399569757, 0.0, 4
363, 1844.284523034613, Server_04, 3.0417973963282776, 1056.4021963814105, 0.0, 3
364, 1848.9076895466483, Server_04, 3.0417973963282776, 1066.3686863031778, 0.0, 3
365, 1853.571473050532, Server_04, 3.0417973963282776, 1057.0816582490663, 0.0, 3
366, 1858.2234130173504, Server_04, 3.0417973963282776, 1059.7729195056131, 0.0, 3
367, 1862.8453544383644, Server_04, 3.0417973963282776, 1066.6513378091104, 0.0, 3
368, 1867.3670394233438, Server_04, 3.0417973963282776, 1090.3015173274966, 0.0, 3
369, 1874.5160109697356, Server_04, 3.531593941666367, 1083.3726151713502, 0.0, 4
370, 1879.0076907049481, Server_04, 3.0417973963282776, 1097.5849327260044, 0.0, 3
371, 1883.5873736089109, Server_04, 3.0417973963282776, 1076.4937449564743, 0.0, 3
372, 1888.0707748919397, Server_04, 3.0417973963282776, 1099.611587002424, 0.0, 3
373, 1892.6587362480861, Server_04, 3.0417973963282776, 1074.5513349617238, 0.0, 3
374, 1897.139770804787, Server_04, 3.0417973963282776, 1100.1923635308021, 0.0, 3
375, 1904.398035876952, Server_04, 3.531593941666367, 1067.0594037274377, 0.0, 4
376, 1908.9530331763292, Server_04, 3.0417973963282776, 1082.327754765976, 0.0, 3
377, 1913.6507923065064, Server_04, 3.0417973963282776, 1049.4365214110055, 0.0, 3
378, 1918.3531787263385, Server_04, 3.0417973963282776, 1048.4038443136117, 0.0, 3
379, 1923.0023366051591, Server_04, 3.0417973963282776, 1060.4070948974852, 0.0, 3
380, 1927.639707958219, Server_04, 3.0417973963282776, 1063.1022673538853, 0.0, 3
381, 1932.3393295664666, Server_04, 3.0417973963282776, 1049.0206256921142, 0.0, 3
382, 1939.6836104593874, Server_04, 3.531593941666367, 1054.5620616806036, 0.0, 4
383, 1944.2739385418615, Server_04, 3.0417973963282776, 1073.9973072562618, 0.0, 3
384, 1948.8051249639268, Server_04, 3.0417973963282776, 1088.0152659340265, 0.0, 3
385, 1953.2861595206277, Server_04, 3.0417973963282776, 1100.1923635308021, 0.0, 3
386, 1957.7671940773287, Server_04, 3.0417973963282776, 1100.1923635308021, 0.0, 3
387, 1962.2482286340296, Server_04, 3.0417973963282776, 1100.1923635308021, 0.0, 3
388, 1969.2879066546482, Server_04, 3.531593941666367, 1100.1923635307767, 0.0, 4
389, 1973.768941211349, Server_04, 3.0417973963282776, 1100.1923635308021, 0.0, 3
390, 1978.24997576805, Server_04, 3.0417973963282776, 1100.1923635308021, 0.0, 3
391, 1982.8312815765241, Server_04, 3.0417973963282776, 1076.1124024685096, 0.0, 3
392, 1987.3310726913091, Server_04, 3.0417973963282776, 1095.6064124402233, 0.0, 3
393, 1994.625304316947, Server_04, 3.531593941666367, 1061.797924373252, 0.0, 4
394, 1999.2791436302878, Server_04, 3.0417973963282776, 1059.3404000579876, 0.0, 3
395, 2003.9152540076686, Server_04, 3.0417973963282776, 1063.3914205436058, 0.0, 3
396, 2008.6896870380262, Server_04, 3.0417973963282776, 1032.5833389332795, 0.0, 3
397, 2013.541568198689, Server_04, 3.0417973963282776, 1016.1007322212704, 0.0, 3
398, 2018.4168108318408, Server_04, 3.0417973963282776, 1011.2317213661923, 0.0, 3
399, 2023.2737020813724, Server_04, 3.0417973963282776, 1015.0525813143233, 0.0, 3
400, 2028.1439346256552, Server_04, 3.0417973963282776, 1012.2719921839031, 0.0, 3
401, 2033.0025995763315, Server_04, 3.0417973963282776, 1014.6820268629172, 0.0, 3
402, 2037.5700491131179, Server_04, 3.0417973963282776, 1079.3770046704637, 0.0, 3
403, 2044.8816741964065, Server_04, 3.531593941666367, 1059.2720375805236, 0.0, 4
404, 2049.641524098292, Server_04, 3.0417973963282776, 1035.7469461478513, 0.0, 3
405, 2054.0794180949056, Server_04, 3.0417973963282776, 1110.8872820670945, 0.0, 3
406, 2058.815956250989, Server_04, 3.0417973963282776, 1040.8445657020675, 0.0, 3
407, 2063.556925794279, Server_04, 3.0417973963282776, 1039.8716876335461, 0.0, 3
408, 2068.4309977629055, Server_04, 3.0417973963282776, 1011.474601059115, 0.0, 3
409, 2073.17475606232, Server_04, 3.0417973963282776, 1039.2603688532415, 0.0, 3
410, 2077.9808606557212, Server_04, 3.0417973963282776, 1025.7787578673774, 0.0, 3
411, 2082.57609190273, Server_04, 3.0417973963282776, 1072.8513397904383, 0.0, 3
412, 2089.896762913039, Server_04, 3.531593941666367, 1057.9631278462568, 0.0, 4
413, 2094.5315604027173, Server_04, 3.0417973963282776, 1063.692644819742, 0.0, 3
414, 2099.1867126037605, Server_04, 3.0417973963282776, 1059.0416353938426, 0.0, 3
415, 2103.814682203037, Server_04, 3.0417973963282776, 1065.26196731512, 0.0, 3
416, 2108.476662294482, Server_04, 3.0417973963282776, 1057.4905733825053, 0.0, 3
417, 2113.0966621217776, Server_04, 3.0417973963282776, 1067.099606989809, 0.0, 3
418, 2117.766611985204, Server_04, 3.0417973963282776, 1055.685851921129, 0.0, 3
419, 2122.3779144082937, Server_04, 3.0417973963282776, 1069.1122697384353, 0.0, 3
420, 2129.8601880307906, Server_04, 3.531593941666367, 1035.113174251361, 0.0, 4
421, 2134.5672903152026, Server_04, 3.0417973963282776, 1047.353488860039, 0.0, 3
422, 2139.3641174322142, Server_04, 3.0417973963282776, 1027.7627022487625, 0.0, 3
423, 2144.0729160111146, Server_04, 3.0417973963282776, 1046.976190931349, 0.0, 3
424, 2148.863486588627, Server_04, 3.0417973963282776, 1029.1049719927046, 0.0, 3
425, 2153.5764751347056, Server_04, 3.0417973963282776, 1046.0454023598224, 0.0, 3
426, 2158.351242699024, Server_04, 3.0417973963282776, 1032.5109931719878, 0.0, 3
427, 2162.6017100706003, Server_04, 3.0417973963282776, 1159.8724490788961, 0.0, 3
428, 2167.191295898401, Server_04, 3.0417973963282776, 1074.171000384633, 0.0, 3
429, 2174.8391306593157, Server_04, 3.531593941666367, 1012.7049344190931, 0.0, 4
430, 2179.558959641503, Server_04, 3.0417973963282776, 1044.529371425529, 0.0, 3
431, 2184.3476674015837, Server_04, 3.0417973963282776, 1029.505296000109, 0.0, 3
432, 2189.060679093157, Server_04, 3.0417973963282776, 1046.040265254326, 0.0, 3
433, 2193.8562041438518, Server_04, 3.0417973963282776, 1028.04175723902, 0.0, 3
434, 2198.6460025473934, Server_04, 3.0417973963282776, 1029.2708762762647, 0.0, 3
435, 2203.439297138864, Server_04, 3.0417973963282776, 1028.5201349345148, 0.0, 3
436, 2208.147198568582, Server_04, 3.0417973963282776, 1047.175705268539, 0.0, 3
437, 2212.8767374710164, Server_04, 3.0417973963282776, 1042.3849135615478, 0.0, 3
438, 2217.555610977315, Server_04, 3.0417973963282776, 1053.6724263571602, 0.0, 3
439, 2224.745140430995, Server_04, 3.531593941666367, 1077.2610432850884, 0.0, 4
440, 2229.5511777200636, Server_04, 3.0417973963282776, 1025.7931229983021, 0.0, 3
441, 2234.4666492220226, Server_04, 3.0417973963282776, 1002.9556672305375, 0.0, 3
442, 2239.337917170665, Server_04, 3.0417973963282776, 1012.056830372848, 0.0, 3
443, 2244.1310809796532, Server_04, 3.0417973963282776, 1028.548198322645, 0.0, 3
444, 2248.767271346153, Server_04, 3.0417973963282776, 1063.3730736389325, 0.0, 3
445, 2253.681245441376, Server_04, 3.0417973963282776, 1003.2612920756623, 0.0, 3
446, 2258.384323941126, Server_04, 3.0417973963282776, 1048.2495668023557, 0.0, 3
447, 2263.251882247561, Server_04, 3.0417973963282776, 1012.8281346897053, 0.0, 3
448, 2268.1766324517916, Server_04, 3.0417973963282776, 1001.0660024471263, 0.0, 3
449, 2273.065511426717, Server_04, 3.0417973963282776, 1008.4111358218494, 0.0, 3
450, 2277.8289692710887, Server_04, 3.0417973963282776, 1034.9624497727139, 0.0, 3
451, 2282.7409376947166, Server_04, 3.0417973963282776, 1003.6709471268779, 0.0, 3
452, 2287.715325915098, Server_04, 3.0417973963282776, 991.0766473353049, 0.0, 3
453, 2292.5337755567048, Server_04, 3.0417973963282776, 1023.1506743227598, 0.0, 3
454, 2299.9590096248044, Server_04, 3.531593941666367, 1043.0647611870156, 0.0, 4
455, 2304.767924758825, Server_04, 3.0417973963282776, 1025.1792478355271, 0.0, 3
456, 2309.5768398928453, Server_04, 3.0417973963282776, 1025.1792478355271, 0.0, 3
457, 2314.4357423506435, Server_04, 3.0417973963282776, 1014.6324283764328, 0.0, 3
458, 2319.3539510104374, Server_04, 3.0417973963282776, 1002.3974867724712, 0.0, 3
459, 2324.3873485853996, Server_04, 3.0417973963282776, 979.4576976242508, 0.0, 3
460, 2327.620323129822, Server_04, 2.5526430912103453, 971.2417950884935, 0.0, 2
461, 2330.76332786494, Server_0, 2.5526430912103453, 999.0439928121527, 0.0, 2
462, 2338.6710659199616, Server_0, 3.531593941666367, 979.4204039272342, 0.0, 4
463, 2341.904436404028, Server_0, 2.5526430912103453, 971.1228624970995, 0.0, 2
464, 2346.9026394575926, Server_0, 3.0417973963282776, 986.3544852352186, 0.0, 3
465, 2355.117306254019, Server_0, 3.531593941666367, 942.8258250680962, 0.0, 4
466, 2358.397428189643, Server_0, 2.5526430912103453, 957.2814857574501, 0.0, 2
467, 2361.724113407982, Server_0, 2.5526430912103453, 943.8825118440338, 0.0, 2
468, 2366.945250548322, Server_0, 3.0417973963282776, 944.2387486644197, 0.0, 3
469, 2372.1323238283258, Server_0, 3.0417973963282776, 950.4396282591711, 0.0, 3
470, 2377.2931034997896, Server_0, 3.0417973963282776, 955.2820143165727, 0.0, 3
471, 2382.4972084833207, Server_0, 3.0417973963282776, 947.3290826379263, 0.0, 3
472, 2387.819291335766, Server_0, 3.0417973963282776, 926.3290588824143, 0.0, 3
473, 2391.2644131226343, Server_0, 2.5526430912103453, 911.4336717989994, 0.0, 2
474, 2396.5604785538017, Server_0, 3.0417973963282776, 930.8797378119536, 0.0, 3
475, 2401.9677145327273, Server_0, 3.0417973963282776, 911.7412332685958, 0.0, 3
476, 2407.3097446829274, Server_0, 3.0417973963282776, 922.8701189219829, 0.0, 3
477, 2412.633506705299, Server_0, 3.0417973963282776, 926.0368850604037, 0.0, 3
478, 2416.117187784875, Server_0, 2.5526430912103453, 901.3454240714309, 0.0, 2
479, 2421.5358561425624, Server_0, 3.0417973963282776, 909.8176294561403, 0.0, 3
480, 2426.921789035818, Server_0, 3.0417973963282776, 915.3474611934498, 0.0, 3
481, 2432.4249899549395, Server_0, 3.0417973963282776, 895.8422693364297, 0.0, 3
482, 2437.819338159381, Server_0, 3.0417973963282776, 913.9194974363799, 0.0, 3
483, 2441.251481757327, Server_0, 2.5526430912103453, 914.880135516251, 0.0, 2
484, 2446.547873660867, Server_0, 3.0417973963282776, 930.8223578970427, 0.0, 3
485, 2451.8715533248096, Server_0, 3.0417973963282776, 926.0512110431837, 0.0, 3
486, 2457.2587138506096, Server_0, 3.0417973963282776, 915.1388707259404, 0.0, 3
487, 2462.653280813223, Server_0, 3.0417973963282776, 913.882436563883, 0.0, 3
488, 2466.0642142565216, Server_0, 2.5526430912103453, 920.5691205054054, 0.0, 2
489, 2471.3814355896784, Server_0, 3.0417973963282776, 927.1759987228321, 0.0, 3
490, 2476.8531921139615, Server_0, 3.0417973963282776, 900.9903818127008, 0.0, 3
491, 2482.255030023866, Server_0, 3.0417973963282776, 912.6523383755746, 0.0, 3
492, 2487.6230679696555, Server_0, 3.0417973963282776, 918.3988730680996, 0.0, 3
493, 2491.123130581817, Server_0, 2.5526430912103453, 897.1268082718525, 0.0, 2
494, 2496.5784769076254, Server_0, 3.0417973963282776, 903.7006462223786, 0.0, 3
495, 2502.109435104543, Server_0, 3.0417973963282776, 891.3464583311061, 0.0, 3
496, 2507.6725644977723, Server_0, 3.0417973963282776, 886.1918628030091, 0.0, 3
497, 2511.225996116821, Server_0, 2.5526430912103453, 883.6528563452625, 0.0, 2
498, 2516.8162965856664, Server_0, 3.0417973963282776, 881.8846191675879, 0.0, 3
499, 2522.3223971001717, Server_0, 3.0417973963282776, 895.3705053172163, 0.0, 3
500, 2527.8653584223202, Server_0, 3.0417973963282776, 889.4162729046453, 0.0, 3
501, 2531.335156799027, Server_0, 2.5526430912103453, 904.9517173905989, 0.0, 2
502, 2536.840937422294, Server_0, 3.0417973963282776, 895.4225272192097, 0.0, 3
503, 2542.3203869458266, Server_0, 3.0417973963282776, 899.7254156328884, 0.0, 3
504, 2547.8473148745884, Server_0, 3.0417973963282776, 891.9964333793092, 0.0, 3
505, 2551.3848508734, Server_0, 2.5526430912103453, 887.6234760734263, 0.0, 2
506, 2556.8867424354135, Server_0, 3.0417973963282776, 896.0554646402, 0.0, 3
507, 2562.353573003496, Server_0, 3.0417973963282776, 901.8022304885869, 0.0, 3
508, 2567.9486297362373, Server_0, 3.0417973963282776, 881.1349438425638, 0.0, 3
509, 2571.6164113965388, Server_0, 2.5526430912103453, 856.1033046176291, 0.0, 2
510, 2577.2213803397926, Server_0, 3.0417973963282776, 879.5766845298456, 0.0, 3
511, 2582.7428628822727, Server_0, 3.0417973963282776, 892.8761364489668, 0.0, 3
512, 2586.2842102467034, Server_0, 2.5526430912103453, 886.6681736838705, 0.0, 2
513, 2591.8352839450467, Server_0, 3.0417973963282776, 888.1164740203915, 0.0, 3
514, 2597.4084250679844, Server_0, 3.0417973963282776, 884.5998856388886, 0.0, 3
515, 2603.106967659007, Server_0, 3.0417973963282776, 865.1334830359515, 0.0, 3
516, 2606.6805325559817, Server_0, 2.5526430912103453, 878.6744023196877, 0.0, 2
517, 2612.2725825431467, Server_0, 3.0417973963282776, 881.608714391947, 0.0, 3
518, 2617.919269986623, Server_0, 3.0417973963282776, 873.0782515146367, 0.0, 3
519, 2621.6346273582726, Server_0, 2.5526430912103453, 845.1407727181479, 0.0, 2
520, 2627.427023213466, Server_0, 3.0417973963282776, 851.1158634954018, 0.0, 3
521, 2633.243472651347, Server_0, 3.0417973963282776, 847.5961241736388, 0.0, 3
522, 2636.8888476613392, Server_0, 2.5526430912103453, 861.3654264357016, 0.0, 2
523, 2642.651571290205, Server_0, 3.0417973963282776, 855.4982535177155, 0.0, 3
524, 2646.3254674890527, Server_0, 2.5526430912103453, 854.6784748531869, 0.0, 2
525, 2652.1150157426828, Server_0, 3.0417973963282776, 851.534486634405, 0.0, 3
526, 2657.8613784362915, Server_0, 3.0417973963282776, 857.9340119765325, 0.0, 3
527, 2661.5130989686513, Server_0, 2.5526430912103453, 859.8686488121955, 0.0, 2
528, 2667.1963623088577, Server_0, 3.0417973963282776, 867.4593635530816, 0.0, 3
529, 2672.920714542647, Server_0, 3.0417973963282776, 861.2328170337654, 0.0, 3
530, 2676.5554353323373, Server_0, 2.5526430912103453, 863.8902908048859, 0.0, 2
531, 2682.291948618136, Server_0, 3.0417973963282776, 859.407056932098, 0.0, 3
532, 2688.027656518375, Server_0, 3.0417973963282776, 859.5277314931834, 0.0, 3
533, 2691.725503164506, Server_0, 2.5526430912103453, 849.1428391940882, 0.0, 2
534, 2697.486899367986, Server_0, 3.0417973963282776, 855.6953602708306, 0.0, 3
535, 2703.2148972366927, Server_0, 3.0417973963282776, 860.6846777883405, 0.0, 3
536, 2706.8346633397855, Server_0, 2.5526430912103453, 867.4593635530993, 0.0, 2
537, 2712.517926679992, Server_0, 3.0417973963282776, 867.4593635530816, 0.0, 3
538, 2718.201425123326, Server_0, 3.0417973963282776, 867.4234803006354, 0.0, 3
539, 2721.8559966697176, Server_0, 2.5526430912103453, 859.1978458049992, 0.0, 2
540, 2727.6585461029135, Server_0, 3.0417973963282776, 849.6265403265379, 0.0, 3
541, 2731.437710065636, Server_0, 2.5526430912103453, 830.8715977853175, 0.0, 2
542, 2737.332118587588, Server_0, 3.0417973963282776, 836.385870039341, 0.0, 3
543, 2743.2724268644424, Server_0, 3.0417973963282776, 829.923258227021, 0.0, 3
544, 2746.9310641699276, Server_0, 2.5526430912103453, 858.2430390933775, 0.0, 2
545, 2752.774413272971, Server_0, 3.0417973963282776, 843.6942433291274, 0.0, 3
546, 2756.4268777727757, Server_0, 2.5526430912103453, 859.6935028849033, 0.0, 2
547, 2762.1886088622737, Server_0, 3.0417973963282776, 855.645625146584, 0.0, 3
548, 2768.0326998029577, Server_0, 3.0417973963282776, 843.5871464079135, 0.0, 3
549, 2771.7212098140126, Server_0, 2.5526430912103453, 851.2922536712884, 0.0, 2
550, 2777.404473154219, Server_0, 3.0417973963282776, 867.4593635530816, 0.0, 3
551, 2783.0877364944254, Server_0, 3.0417973963282776, 867.4593635530816, 0.0, 3
552, 2786.707502597518, Server_0, 2.5526430912103453, 867.4593635530993, 0.0, 2
553, 2792.3907659377246, Server_0, 3.0417973963282776, 867.4593635530816, 0.0, 3
554, 2798.092533241336, Server_0, 3.0417973963282776, 864.6441949459454, 0.0, 3
555, 2801.8059634324245, Server_0, 2.5526430912103453, 845.5793803624465, 0.0, 2
556, 2807.6337479764647, Server_0, 3.0417973963282776, 845.9475402263529, 0.0, 3
557, 2811.334181021092, Server_0, 2.5526430912103453, 848.5493352079977, 0.0, 2
558, 2817.1121417212817, Server_0, 3.0417973963282776, 853.2422174207608, 0.0, 3
559, 2822.9509642149133, Server_0, 3.0417973963282776, 844.3483262896159, 0.0, 3
560, 2826.638266967531, Server_0, 2.5526430912103453, 851.570974954777, 0.0, 2
561, 2832.5850568498095, Server_0, 3.0417973963282776, 829.0186970774544, 0.0, 3
562, 2836.310568646958, Server_0, 2.5526430912103453, 842.8372183395858, 0.0, 2
563, 2842.2131911211536, Server_0, 3.0417973963282776, 835.2219749022414, 0.0, 3
564, 2848.2322086452414, Server_0, 3.0417973963282776, 819.0705510110955, 0.0, 3
565, 2852.046613949948, Server_0, 2.5526430912103453, 823.1951639028624, 0.0, 2
566, 2858.0652792251853, Server_0, 3.0417973963282776, 819.1184879949419, 0.0, 3
567, 2861.824267101474, Server_0, 2.5526430912103453, 835.3312389770508, 0.0, 2
568, 2867.7198683787446, Server_0, 3.0417973963282776, 836.2166585122962, 0.0, 3
569, 2871.4788562550334, Server_0, 2.5526430912103453, 835.3312389770508, 0.0, 2
570, 2877.3860034380077, Server_0, 3.0417973963282776, 834.5822183353304, 0.0, 3
571, 2883.319864489135, Server_0, 3.0417973963282776, 830.8249818326087, 0.0, 3
572, 2887.0705389216573, Server_0, 2.5526430912103453, 837.1827671239149, 0.0, 2
573, 2892.9699178822248, Server_0, 3.0417973963282776, 835.6811849099784, 0.0, 3
574, 2896.7637112018124, Server_0, 2.5526430912103453, 827.6676496286605, 0.0, 2
575, 2902.633227581451, Server_0, 3.0417973963282776, 839.9329145927732, 0.0, 3
576, 2906.357410014441, Server_0, 2.5526430912103453, 843.1380729861582, 0.0, 2
577, 2912.2081499070537, Server_0, 3.0417973963282776, 842.6284693026265, 0.0, 3
578, 2918.1309420940443, Server_0, 3.0417973963282776, 832.3776766689099, 0.0, 3
579, 2922.0076241882543, Server_0, 2.5526430912103453, 809.970981290848, 0.0, 2
580, 2928.1514982655513, Server_0, 3.0417973963282776, 802.4253000590508, 0.0, 3
581, 2931.956265407422, Server_0, 2.5526430912103453, 825.2804660355816, 0.0, 2
582, 2937.950148867094, Server_0, 3.0417973963282776, 822.5051476509453, 0.0, 3
583, 2941.757594767431, Server_0, 2.5526430912103453, 824.6998334821109, 0.0, 2
584, 2947.7253245785528, Server_0, 3.0417973963282776, 826.1097864739269, 0.0, 3
585, 2951.5055068058614, Server_0, 2.5526430912103453, 830.647786584509, 0.0, 2
586, 2957.456960042856, Server_0, 3.0417973963282776, 828.3691064486485, 0.0, 3
587, 2963.433579931687, Server_0, 3.0417973963282776, 824.8809681226486, 0.0, 3
588, 2967.2799750755303, Server_0, 2.5526430912103453, 816.34878440035, 0.0, 2
589, 2973.3322194610287, Server_0, 3.0417973963282776, 814.5738483086748, 0.0, 3
590, 2977.195623667214, Server_0, 2.5526430912103453, 812.7547190047645, 0.0, 2
591, 2983.1761697187976, Server_0, 3.0417973963282776, 824.3394428330815, 0.0, 3
592, 2986.9699630383852, Server_0, 2.5526430912103453, 827.6676496286605, 0.0, 2
593, 2992.9947561171034, Server_0, 3.0417973963282776, 818.2853644243161, 0.0, 3
594, 2996.833448807052, Server_0, 2.5526430912103453, 817.9868131205383, 0.0, 2
595, 3003.032617894427, Server_0, 3.0417973963282776, 795.267870663529, 0.0, 3
596, 3006.8254388442065, Server_0, 2.5526430912103453, 827.8798397226019, 0.0, 2
597, 3012.9929218994025, Server_0, 3.0417973963282776, 799.3536351667028, 0.0, 3
598, 3016.920575947895, Server_0, 2.5526430912103453, 799.4594129809306, 0.0, 2
599, 3022.7358569625317, Server_0, 3.0417973963282776, 847.7664256622421, 0.0, 3
600, 3026.5092316106507, Server_0, 2.5526430912103453, 832.146365737968, 0.0, 2
601, 3032.453644172732, Server_0, 3.0417973963282776, 829.3502425198359, 0.0, 3
602, 3038.409932209703, Server_0, 3.0417973963282776, 827.6967079830591, 0.0, 3
603, 3042.2145527412436, Server_0, 2.5526430912103453, 825.3122680617693, 0.0, 2
604, 3048.2402063589852, Server_0, 3.0417973963282776, 818.1685029959762, 0.0, 3
605, 3052.077387329561, Server_0, 2.5526430912103453, 818.3090722272437, 0.0, 2
606, 3058.154111543795, Server_0, 3.0417973963282776, 811.2923717111032, 0.0, 3
607, 3062.0063466973556, Server_0, 2.5526430912103453, 815.111195145395, 0.0, 2
608, 3068.095341778534, Server_0, 3.0417973963282776, 809.6574121465565, 0.0, 3
609, 3072.009058619122, Server_0, 2.5526430912103453, 802.3063823719118, 0.0, 2
610, 3078.0570427222933, Server_0, 3.0417973963282776, 815.1476452153264, 0.0, 3
611, 3081.9204469284787, Server_0, 2.5526430912103453, 812.7547190047645, 0.0, 2
612, 3088.0188772274664, Server_0, 3.0417973963282776, 808.4047465162154, 0.0, 3
613, 3091.958631266804, Server_0, 2.5526430912103453, 797.0040689464078, 0.0, 2
614, 3098.0372325880867, Server_0, 3.0417973963282776, 811.041839960577, 0.0, 3
615, 3101.9142138087377, Server_0, 2.5526430912103453, 809.9084884070508, 0.0, 2
616, 3108.192824305326, Server_0, 3.0417973963282776, 785.20558054664, 0.0, 3
617, 3111.939145628256, Server_0, 2.5526430912103453, 838.1555476251456, 0.0, 2
618, 3117.703038596213, Server_0, 3.0417973963282776, 855.3246958968879, 0.0, 3
619, 3121.9017016406947, Server_0, 2.5526430912103453, 747.8571075444853, 0.0, 2
620, 3128.2811690564577, Server_0, 3.0417973963282776, 772.7917831853022, 0.0, 3
621, 3131.728322854897, Server_0, 2.5526430912103453, 910.8964042803663, 0.0, 2
622, 3137.5759170614947, Server_0, 3.0417973963282776, 843.0817573554928, 0.0, 3
623, 3143.897211000157, Server_0, 3.0417973963282776, 779.9036159111724, 0.0, 3
624, 3147.7878859966163, Server_0, 2.5526430912103453, 807.057901998352, 0.0, 2
625, 3151.0502714225063, Server_04, 2.5526430912103453, 962.4859083421753, 0.0, 2
626, 3156.062970132619, Server_04, 3.0417973963282776, 983.5021582394909, 0.0, 3
627, 3160.558333446096, Server_04, 3.0417973963282776, 1096.6855526937231, 0.0, 3
628, 3168.1662025210385, Server_04, 3.531593941666367, 1018.0248797274078, 0.0, 4
629, 3173.1219134271573, Server_04, 3.0417973963282776, 994.8118632006776, 0.0, 3
630, 3178.1576722632844, Server_04, 3.0417973963282776, 978.9984311066706, 0.0, 3
631, 3181.531127792156, Server_04, 2.5526430912103453, 930.7963223841167, 0.0, 2
632, 3186.1674240636557, Server_04, 3.0417973963282776, 1063.3487834471873, 0.0, 3
633, 3193.0646096749833, Server_04, 3.531593941666367, 1122.9217881682068, 0.0, 4
634, 3197.4767545378827, Server_04, 3.0417973963282776, 1117.3703840631226, 0.0, 3
635, 3204.409535471987, Server_04, 3.531593941666367, 1117.156314849082, 0.0, 4
636, 3208.9880371630848, Server_04, 3.0417973963282776, 1076.7714708035915, 0.0, 3
637, 3213.578365245559, Server_04, 3.0417973963282776, 1073.9973072562618, 0.0, 3
638, 3218.168693328033, Server_04, 3.0417973963282776, 1073.9973072562618, 0.0, 3
639, 3222.759021410507, Server_04, 3.0417973963282776, 1073.9973072562618, 0.0, 3
640, 3227.349349492981, Server_04, 3.0417973963282776, 1073.9973072562618, 0.0, 3
641, 3234.5607269775173, Server_04, 3.531593941666367, 1073.997307256231, 0.0, 4
642, 3239.1510550599914, Server_04, 3.0417973963282776, 1073.9973072562618, 0.0, 3
643, 3243.7619208838964, Server_04, 3.0417973963282776, 1069.2135031213584, 0.0, 3
644, 3248.4810856202557, Server_04, 3.0417973963282776, 1044.6763941119302, 0.0, 3
645, 3253.290000754276, Server_04, 3.0417973963282776, 1025.1792478355271, 0.0, 3
646, 3258.0989158882967, Server_04, 3.0417973963282776, 1025.1792478355271, 0.0, 3
647, 3262.907831022317, Server_04, 3.0417973963282776, 1025.1792478355271, 0.0, 3
648, 3267.7167461563376, Server_04, 3.0417973963282776, 1025.1792478355271, 0.0, 3
649, 3272.525661290358, Server_04, 3.0417973963282776, 1025.1792478355271, 0.0, 3
650, 3280.0804377027293, Server_04, 3.531593941666367, 1025.1792478354873, 0.0, 4
651, 3284.88935283675, Server_04, 3.0417973963282776, 1025.1792478355271, 0.0, 3
652, 3289.6982679707703, Server_04, 3.0417973963282776, 1025.1792478355271, 0.0, 3
653, 3294.507183104791, Server_04, 3.0417973963282776, 1025.1792478355271, 0.0, 3
654, 3299.3160982388113, Server_04, 3.0417973963282776, 1025.1792478355271, 0.0, 3
655, 3304.1250133728317, Server_04, 3.0417973963282776, 1025.1792478355271, 0.0, 3
656, 3308.933928506852, Server_04, 3.0417973963282776, 1025.1792478355271, 0.0, 3
657, 3313.7428436408727, Server_04, 3.0417973963282776, 1025.1792478355271, 0.0, 3
658, 3318.551758774893, Server_04, 3.0417973963282776, 1025.1792478355271, 0.0, 3
659, 3323.3606739089137, Server_04, 3.0417973963282776, 1025.1792478355271, 0.0, 3
660, 3328.169589042934, Server_04, 3.0417973963282776, 1025.1792478355271, 0.0, 3
661, 3332.9785041769546, Server_04, 3.0417973963282776, 1025.1792478355271, 0.0, 3
662, 3337.787419310975, Server_04, 3.0417973963282776, 1025.1792478355271, 0.0, 3
663, 3342.5963344449956, Server_04, 3.0417973963282776, 1025.1792478355271, 0.0, 3
664, 3347.405249579016, Server_04, 3.0417973963282776, 1025.1792478355271, 0.0, 3
665, 3354.9600259913873, Server_04, 3.531593941666367, 1025.1792478354873, 0.0, 4
666, 3359.826614170461, Server_04, 3.0417973963282776, 1013.030036360741, 0.0, 3
667, 3364.6474671460264, Server_04, 3.0417973963282776, 1022.6406042640145, 0.0, 3
668, 3369.5239306390645, Server_04, 3.0417973963282776, 1010.9785517800732, 0.0, 3
669, 3374.3349083006656, Server_04, 3.0417973963282776, 1024.739740395986, 0.0, 3
670, 3379.143823434686, Server_04, 3.0417973963282776, 1025.1792478355271, 0.0, 3
671, 3384.05086009361, Server_04, 3.0417973963282776, 1004.6796758761253, 0.0, 3
672, 3388.969068753404, Server_04, 3.0417973963282776, 1002.3974867724712, 0.0, 3
673, 3393.887277413198, Server_04, 3.0417973963282776, 1002.3974867724712, 0.0, 3
674, 3398.8054860729917, Server_04, 3.0417973963282776, 1002.3974867724712, 0.0, 3
675, 3403.7236947327856, Server_04, 3.0417973963282776, 1002.3974867724712, 0.0, 3
676, 3408.6419033925795, Server_04, 3.0417973963282776, 1002.3974867724712, 0.0, 3
677, 3413.5601120523734, Server_04, 3.0417973963282776, 1002.3974867724712, 0.0, 3
678, 3418.4783207121673, Server_04, 3.0417973963282776, 1002.3974867724712, 0.0, 3
679, 3423.396529371961, Server_04, 3.0417973963282776, 1002.3974867724712, 0.0, 3
680, 3428.314738031755, Server_04, 3.0417973963282776, 1002.3974867724712, 0.0, 3
681, 3433.232946691549, Server_04, 3.0417973963282776, 1002.3974867724712, 0.0, 3
682, 3438.151155351343, Server_04, 3.0417973963282776, 1002.3974867724712, 0.0, 3
683, 3443.0693640111367, Server_04, 3.0417973963282776, 1002.3974867724712, 0.0, 3
684, 3447.9875726709306, Server_04, 3.0417973963282776, 1002.3974867724712, 0.0, 3
685, 3452.9057813307245, Server_04, 3.0417973963282776, 1002.3974867724712, 0.0, 3
686, 3457.8239899905184, Server_04, 3.0417973963282776, 1002.3974867724712, 0.0, 3
687, 3462.7421986503123, Server_04, 3.0417973963282776, 1002.3974867724712, 0.0, 3
688, 3467.660407310106, Server_04, 3.0417973963282776, 1002.3974867724712, 0.0, 3
689, 3472.5786159699, Server_04, 3.0417973963282776, 1002.3974867724712, 0.0, 3
690, 3477.496824629694, Server_04, 3.0417973963282776, 1002.3974867724712, 0.0, 3
691, 3485.2233005059825, Server_04, 3.531593941666367, 1002.3974867725034, 0.0, 4
692, 3490.1415091657764, Server_04, 3.0417973963282776, 1002.3974867724712, 0.0, 3
693, 3495.0597178255703, Server_04, 3.0417973963282776, 1002.3974867724712, 0.0, 3
694, 3499.977926485364, Server_04, 3.0417973963282776, 1002.3974867724712, 0.0, 3
695, 3504.896135145158, Server_04, 3.0417973963282776, 1002.3974867724712, 0.0, 3
696, 3509.814343804952, Server_04, 3.0417973963282776, 1002.3974867724712, 0.0, 3
697, 3514.732552464746, Server_04, 3.0417973963282776, 1002.3974867724712, 0.0, 3
698, 3519.6507611245397, Server_04, 3.0417973963282776, 1002.3974867724712, 0.0, 3
699, 3524.5689697843336, Server_04, 3.0417973963282776, 1002.3974867724712, 0.0, 3
700, 3529.4871784441275, Server_04, 3.0417973963282776, 1002.3974867724712, 0.0, 3
701, 3534.4053871039214, Server_04, 3.0417973963282776, 1002.3974867724712, 0.0, 3
702, 3539.3235957637153, Server_04, 3.0417973963282776, 1002.3974867724712, 0.0, 3
703, 3544.3801216268025, Server_04, 3.0417973963282776, 974.9777087049259, 0.0, 3
704, 3547.651833296906, Server_04, 2.5526430912103453, 959.7422745693455, 0.0, 2
705, 3550.7396382225606, Server_04, 2.5526430912103453, 1016.9036178132575, 0.0, 2
706, 3558.25395318554, Server_04, 3.531593941666367, 1030.6994101467853, 0.0, 4
707, 3563.0628683195605, Server_04, 3.0417973963282776, 1025.1792478355271, 0.0, 3
708, 3567.920579441235, Server_04, 3.0417973963282776, 1014.8812633182058, 0.0, 3
709, 3572.948081626802, Server_04, 3.0417973963282776, 980.6062370600736, 0.0, 3
710, 3576.1400667733606, Server_04, 2.5526430912103453, 983.7138507318298, 0.0, 2
711, 3581.0536963407, Server_04, 3.0417973963282776, 1003.3316375270795, 0.0, 3
712, 3588.306302683786, Server_04, 3.531593941666367, 1067.8919596102764, 0.0, 4
713, 3592.6780437147136, Server_04, 3.0417973963282776, 1127.6971726190693, 0.0, 3
714, 3597.0128166471764, Server_04, 3.0417973963282776, 1137.3144745551967, 0.0, 3
715, 3603.249619700253, Server_04, 3.531593941666367, 1241.8221217005562, 0.0, 4
716, 3607.2428299996573, Server_04, 3.0417973963282776, 1234.5956336773318, 0.0, 3
717, 3613.5309949304933, Server_04, 3.531593941666367, 1231.678889658236, 0.0, 4
718, 3617.413583968882, Server_04, 3.0417973963282776, 1269.7712663522068, 0.0, 3
719, 3623.360659267851, Server_04, 3.531593941666367, 1302.320823370525, 0.0, 4
